! MOLECULE
CO
! MOLECULAR WEIGHT
28.0
! NUMBER OF ENERGY LEVELS
20
! LEVEL + ENERGIES(cm^-1) + WEIGHT + J
1 0.0 1 0
2 3.845033413 3 1
3 11.534919938 5 2
4 23.069512649 7 3
5 38.448164669 9 4
6 57.670329083 11 5
7 80.735459105 13 6
8 107.642407981 15 7
9 138.390328288 17 8
10 172.978074417 19 9
11 211.404098498 21 10
12 253.667154063 23 11
13 299.765594677 25 12
14 349.697573572 27 13
15 403.461144648 29 14
16 461.054460258 31 15
17 522.475174766 33 16
18 587.720842073 35 17
19 656.789215021 37 18
20 729.677447242 39 19
! NUMBER OF RADIATIVE TRANSITIONS
19
! TRANS + UP + LOW + EINSTEINA(s^-1) + FREQ(GHz) + E_u(K)
1 2 1 7.203e-08 115.2712018 5.53
2 3 2 6.91e-07 230.538 16.6
3 4 3 2.497e-06 345.7959899 33.19
4 5 4 6.126e-06 461.0407682 55.32
5 6 5 1.221e-05 576.2679305 82.97
6 7 6 2.137e-05 691.4730763 116.16
7 8 7 3.422e-05 806.651806 154.87
8 9 8 5.134e-05 921.7997 199.11
9 10 9 7.33e-05 1036.912393 248.88
10 11 10 0.0001006 1151.985452 304.16
11 12 11 0.0001339 1267.014486 364.97
12 13 12 0.0001735 1381.995105 431.29
13 14 13 0.00022 1496.922909 503.13
14 15 14 0.0002739 1611.793518 580.49
15 16 15 0.0003354 1726.6025057 663.35
16 17 16 0.000405 1841.345506 751.72
17 18 17 0.0004829 1956.018139 845.59
18 19 18 0.0005695 2070.615993 944.97
19 20 19 0.000665 2185.13468 1049.84
! NUMBER OF COLL PARTNERS
2
! COLLISION PARTNER
2 PH2
! NUMBER OF COLLISIONAL TRANSITIONS
190
! NUMBER OF COLLISION TEMPERATURES
25
! COLLISION TEMPERATURES
2 5 10 20 30 40 50 60 70 80 90 100 150 200 300 400 500 600 700 750 800 900 1000 2000 3000
! TRANS + UP + LOW + RATE COEFFS(cm^3 s^-1)
1 2 1 2.954e-11 3.251e-11 3.302e-11 3.249e-11 3.257e-11 3.294e-11 3.337e-11 3.38e-11 3.415e-11 3.445e-11 3.469e-11 3.487e-11 3.532e-11 3.529e-11 3.492e-11 3.45e-11 3.421e-11 3.404e-11 3.396e-11 3.394e-11 3.395e-11 3.399e-11 3.409e-11 3.598e-11 3.818e-11
2 3 1 2.87e-11 2.882e-11 3.015e-11 3.088e-11 3.11e-11 3.122e-11 3.131e-11 3.139e-11 3.148e-11 3.158e-11 3.17e-11 3.185e-11 3.29e-11 3.431e-11 3.727e-11 3.987e-11 4.202e-11 4.381e-11 4.533e-11 4.601e-11 4.665e-11 4.781e-11 4.885e-11 5.61e-11 6.083e-11
3 3 2 8.89e-11 7.838e-11 7.15e-11 6.44e-11 6.118e-11 5.995e-11 5.972e-11 6e-11 6.052e-11 6.116e-11 6.184e-11 6.25e-11 6.528e-11 6.704e-11 6.885e-11 6.969e-11 7.021e-11 7.06e-11 7.096e-11 7.113e-11 7.13e-11 7.165e-11 7.2e-11 7.596e-11 7.983e-11
4 4 1 4.65e-12 4.82e-12 5.162e-12 5.518e-12 6e-12 6.591e-12 7.225e-12 7.863e-12 8.482e-12 9.07e-12 9.621e-12 1.013e-11 1.214e-11 1.346e-11 1.5e-11 1.584e-11 1.636e-11 1.672e-11 1.698e-11 1.71e-11 1.718e-11 1.734e-11 1.748e-11 1.837e-11 1.904e-11
5 4 2 4.734e-11 4.758e-11 5.011e-11 5.091e-11 5.081e-11 5.07e-11 5.062e-11 5.06e-11 5.063e-11 5.07e-11 5.083e-11 5.1e-11 5.242e-11 5.451e-11 5.937e-11 6.404e-11 6.816e-11 7.172e-11 7.481e-11 7.613e-11 7.751e-11 7.99e-11 8.204e-11 9.63e-11 1.049e-10
6 4 3 1.108e-10 9.047e-11 7.946e-11 7.05e-11 6.693e-11 6.557e-11 6.529e-11 6.559e-11 6.62e-11 6.698e-11 6.784e-11 6.873e-11 7.279e-11 7.589e-11 8.001e-11 8.269e-11 8.467e-11 8.626e-11 8.758e-11 8.804e-11 8.872e-11 8.972e-11 9.062e-11 9.73e-11 1.022e-10
7 5 1 2.819e-12 2.831e-12 3.113e-12 3.42e-12 3.641e-12 3.848e-12 4.04e-12 4.213e-12 4.366e-12 4.501e-12 4.62e-12 4.725e-12 5.133e-12 5.48e-12 6.224e-12 7.019e-12 7.793e-12 8.503e-12 9.138e-12 9.427e-12 9.696e-12 1.018e-11 1.06e-11 1.271e-11 1.309e-11
8 5 2 6.145e-12 7.979e-12 9.553e-12 1.076e-11 1.17e-11 1.273e-11 1.383e-11 1.496e-11 1.609e-11 1.719e-11 1.825e-11 1.926e-11 2.361e-11 2.688e-11 3.132e-11 3.415e-11 3.608e-11 3.745e-11 3.843e-11 3.881e-11 3.913e-11 3.96e-11 3.989e-11 3.822e-11 3.439e-11
9 5 3 6.058e-11 5.954e-11 6.229e-11 6.237e-11 6.123e-11 6.031e-11 5.968e-11 5.929e-11 5.906e-11 5.897e-11 5.9e-11 5.91e-11 6.054e-11 6.276e-11 6.774e-11 7.243e-11 7.655e-11 8.009e-11 8.31e-11 8.443e-11 8.565e-11 8.777e-11 8.953e-11 9.551e-11 9.291e-11
10 5 4 8.243e-11 8.495e-11 8.114e-11 7.338e-11 6.965e-11 6.807e-11 6.758e-11 6.767e-11 6.81e-11 6.872e-11 6.944e-11 7.021e-11 7.417e-11 7.763e-11 8.29e-11 8.664e-11 8.94e-11 9.145e-11 9.293e-11 9.349e-11 9.394e-11 9.454e-11 9.479e-11 8.774e-11 7.702e-11
11 6 1 7.92e-13 8.219e-13 9.698e-13 1.184e-12 1.38e-12 1.595e-12 1.829e-12 2.078e-12 2.334e-12 2.594e-12 2.852e-12 3.106e-12 4.269e-12 5.22e-12 6.627e-12 7.617e-12 8.348e-12 8.899e-12 9.312e-12 9.476e-12 9.618e-12 9.841e-12 1e-11 1.005e-11 9.369e-12
12 6 2 6.872e-12 6.202e-12 6.22e-12 6.499e-12 6.773e-12 7.065e-12 7.362e-12 7.652e-12 7.927e-12 8.184e-12 8.423e-12 8.645e-12 9.569e-12 1.035e-11 1.184e-11 1.336e-11 1.482e-11 1.617e-11 1.738e-11 1.794e-11 1.845e-11 1.939e-11 2.02e-11 2.448e-11 2.552e-11
13 6 3 8.109e-12 9.905e-12 1.251e-11 1.462e-11 1.582e-11 1.694e-11 1.81e-11 1.928e-11 2.047e-11 2.163e-11 2.277e-11 2.387e-11 2.872e-11 3.255e-11 3.808e-11 4.192e-11 4.474e-11 4.683e-11 4.836e-11 4.896e-11 4.946e-11 5.021e-11 5.069e-11 4.922e-11 4.509e-11
14 6 4 8.269e-11 7.73e-11 7.616e-11 7.329e-11 7.053e-11 6.846e-11 6.699e-11 6.594e-11 6.522e-11 6.475e-11 6.447e-11 6.434e-11 6.519e-11 6.733e-11 7.256e-11 7.759e-11 8.194e-11 8.557e-11 8.854e-11 8.98e-11 9.093e-11 9.284e-11 9.435e-11 9.881e-11 9.623e-11
15 6 5 2.359e-11 4.848e-11 6.553e-11 7.035e-11 6.983e-11 6.934e-11 6.926e-11 6.949e-11 6.993e-11 7.05e-11 7.115e-11 7.185e-11 7.537e-11 7.85e-11 8.348e-11 8.729e-11 9.023e-11 9.241e-11 9.391e-11 9.442e-11 9.48e-11 9.52e-11 9.521e-11 8.672e-11 7.649e-11
16 7 1 5.351e-13 4.962e-13 5.021e-13 5.519e-13 6.149e-13 6.87e-13 7.648e-13 8.45e-13 9.253e-13 1.004e-12 1.08e-12 1.152e-12 1.456e-12 1.678e-12 1.999e-12 2.263e-12 2.512e-12 2.752e-12 2.978e-12 3.085e-12 3.188e-12 3.381e-12 3.556e-12 4.616e-12 4.961e-12
17 7 2 2.146e-12 2.069e-12 2.232e-12 2.58e-12 2.926e-12 3.312e-12 3.738e-12 4.194e-12 4.669e-12 5.156e-12 5.647e-12 6.136e-12 8.456e-12 1.045e-11 1.355e-11 1.583e-11 1.759e-11 1.897e-11 2.007e-11 2.053e-11 2.094e-11 2.163e-11 2.217e-11 2.367e-11 2.276e-11
18 7 3 9.882e-12 9.154e-12 8.923e-12 8.924e-12 9.056e-12 9.254e-12 9.485e-12 9.728e-12 9.97e-12 1.021e-11 1.044e-11 1.066e-11 1.17e-11 1.27e-11 1.472e-11 1.67e-11 1.854e-11 2.021e-11 2.168e-11 2.235e-11 2.298e-11 2.411e-11 2.511e-11 3.054e-11 3.202e-11
19 7 4 1.444e-11 1.462e-11 1.669e-11 1.898e-11 2.023e-11 2.134e-11 2.246e-11 2.359e-11 2.471e-11 2.582e-11 2.689e-11 2.794e-11 3.256e-11 3.628e-11 4.184e-11 4.584e-11 4.886e-11 5.117e-11 5.292e-11 5.362e-11 5.422e-11 5.517e-11 5.584e-11 5.56e-11 5.184e-11
20 7 5 8.737e-11 8.598e-11 8.551e-11 8.15e-11 7.775e-11 7.492e-11 7.283e-11 7.13e-11 7.018e-11 6.938e-11 6.882e-11 6.846e-11 6.862e-11 7.048e-11 7.57e-11 8.095e-11 8.555e-11 8.941e-11 9.255e-11 9.389e-11 9.508e-11 9.709e-11 9.869e-11 1.034e-10 1.008e-10
21 7 6 2.717e-11 3.969e-11 5.799e-11 6.885e-11 7.06e-11 7.098e-11 7.125e-11 7.163e-11 7.212e-11 7.268e-11 7.328e-11 7.391e-11 7.706e-11 7.987e-11 8.449e-11 8.815e-11 9.104e-11 9.321e-11 9.47e-11 9.522e-11 9.56e-11 9.602e-11 9.604e-11 8.8e-11 7.821e-11
22 8 1 2.334e-13 2.27e-13 2.367e-13 2.704e-13 3.152e-13 3.705e-13 4.357e-13 5.094e-13 5.902e-13 6.767e-13 7.675e-13 8.614e-13 1.345e-12 1.802e-12 2.563e-12 3.15e-12 3.623e-12 4.018e-12 4.355e-12 4.505e-12 4.646e-12 4.899e-12 5.12e-12 6.257e-12 6.434e-12
23 8 2 1.139e-12 1.078e-12 1.077e-12 1.144e-12 1.247e-12 1.372e-12 1.512e-12 1.66e-12 1.813e-12 1.967e-12 2.121e-12 2.272e-12 2.962e-12 3.535e-12 4.428e-12 5.135e-12 5.749e-12 6.305e-12 6.82e-12 7.064e-12 7.3e-12 7.749e-12 8.169e-12 1.102e-11 1.213e-11
24 8 3 3.623e-12 3.49e-12 3.604e-12 3.963e-12 4.361e-12 4.807e-12 5.295e-12 5.816e-12 6.359e-12 6.915e-12 7.476e-12 8.037e-12 1.072e-11 1.307e-11 1.681e-11 1.959e-11 2.177e-11 2.354e-11 2.502e-11 2.567e-11 2.627e-11 2.735e-11 2.827e-11 3.279e-11 3.311e-11
25 8 4 1.21e-11 1.156e-11 1.137e-11 1.117e-11 1.114e-11 1.122e-11 1.134e-11 1.149e-11 1.165e-11 1.182e-11 1.199e-11 1.216e-11 1.306e-11 1.407e-11 1.636e-11 1.874e-11 2.101e-11 2.307e-11 2.492e-11 2.576e-11 2.656e-11 2.803e-11 2.934e-11 3.698e-11 3.932e-11
26 8 5 2.091e-11 2.057e-11 2.186e-11 2.383e-11 2.504e-11 2.609e-11 2.711e-11 2.813e-11 2.914e-11 3.014e-11 3.111e-11 3.206e-11 3.626e-11 3.965e-11 4.47e-11 4.826e-11 5.095e-11 5.307e-11 5.481e-11 5.556e-11 5.626e-11 5.749e-11 5.853e-11 6.288e-11 6.155e-11
27 8 6 8.614e-11 8.782e-11 8.99e-11 8.661e-11 8.268e-11 7.953e-11 7.711e-11 7.527e-11 7.387e-11 7.283e-11 7.208e-11 7.155e-11 7.113e-11 7.272e-11 7.784e-11 8.329e-11 8.829e-11 9.269e-11 9.65e-11 9.82e-11 9.979e-11 1.026e-10 1.051e-10 1.169e-10 1.172e-10
28 8 7 3.832e-11 4.458e-11 5.807e-11 6.991e-11 7.296e-11 7.392e-11 7.44e-11 7.48e-11 7.522e-11 7.568e-11 7.617e-11 7.668e-11 7.929e-11 8.167e-11 8.554e-11 8.845e-11 9.074e-11 9.26e-11 9.413e-11 9.479e-11 9.54e-11 9.644e-11 9.728e-11 9.799e-11 9.205e-11
29 9 1 9.917e-14 9.68e-14 9.953e-14 1.101e-13 1.263e-13 1.472e-13 1.723e-13 2.009e-13 2.324e-13 2.664e-13 3.021e-13 3.393e-13 5.327e-13 7.227e-13 1.057e-12 1.307e-12 1.483e-12 1.61e-12 1.71e-12 1.751e-12 1.796e-12 1.874e-12 1.948e-12 2.537e-12 2.828e-12
30 9 2 5.421e-13 5.324e-13 5.491e-13 6.046e-13 6.854e-13 7.88e-13 9.101e-13 1.049e-12 1.203e-12 1.368e-12 1.543e-12 1.725e-12 2.693e-12 3.687e-12 5.56e-12 7.076e-12 8.233e-12 9.14e-12 9.885e-12 9.973e-12 1.052e-11 1.108e-11 1.158e-11 1.445e-11 1.517e-11
31 9 3 1.692e-12 1.627e-12 1.624e-12 1.675e-12 1.777e-12 1.909e-12 2.061e-12 2.225e-12 2.397e-12 2.571e-12 2.746e-12 2.92e-12 3.749e-12 4.528e-12 5.991e-12 7.213e-12 8.168e-12 8.933e-12 9.581e-12 9.802e-12 1.016e-11 1.068e-11 1.117e-11 1.467e-11 1.618e-11
32 9 4 5.331e-12 5.192e-12 5.268e-12 5.564e-12 5.959e-12 6.423e-12 6.94e-12 7.493e-12 8.069e-12 8.658e-12 9.251e-12 9.843e-12 1.268e-11 1.53e-11 1.999e-11 2.365e-11 2.63e-11 2.825e-11 2.973e-11 3.034e-11 3.093e-11 3.192e-11 3.278e-11 3.728e-11 3.785e-11
33 9 5 1.365e-11 1.336e-11 1.336e-11 1.308e-11 1.29e-11 1.284e-11 1.286e-11 1.291e-11 1.3e-11 1.31e-11 1.321e-11 1.334e-11 1.409e-11 1.516e-11 1.811e-11 2.113e-11 2.368e-11 2.577e-11 2.753e-11 2.81e-11 2.905e-11 3.04e-11 3.161e-11 3.923e-11 4.188e-11
34 9 6 2.698e-11 2.681e-11 2.764e-11 2.895e-11 2.988e-11 3.074e-11 3.161e-11 3.251e-11 3.342e-11 3.432e-11 3.52e-11 3.606e-11 3.996e-11 4.339e-11 4.95e-11 5.42e-11 5.74e-11 5.954e-11 6.103e-11 6.157e-11 6.212e-11 6.297e-11 6.366e-11 6.622e-11 6.449e-11
35 9 7 8.255e-11 8.606e-11 9.046e-11 8.868e-11 8.498e-11 8.178e-11 7.924e-11 7.728e-11 7.579e-11 7.466e-11 7.384e-11 7.325e-11 7.275e-11 7.475e-11 8.199e-11 8.926e-11 9.488e-11 9.906e-11 1.023e-10 1.031e-10 1.049e-10 1.072e-10 1.091e-10 1.194e-10 1.198e-10
36 9 8 4.837e-11 5.357e-11 6.315e-11 7.32e-11 7.633e-11 7.739e-11 7.788e-11 7.824e-11 7.859e-11 7.897e-11 7.938e-11 7.98e-11 8.212e-11 8.471e-11 9.047e-11 9.532e-11 9.857e-11 1.006e-10 1.019e-10 1.023e-10 1.028e-10 1.034e-10 1.038e-10 1.022e-10 9.536e-11
37 10 1 4.788e-14 4.786e-14 5.022e-14 5.63e-14 6.563e-14 7.829e-14 9.425e-14 1.135e-13 1.357e-13 1.609e-13 1.888e-13 2.19e-13 3.951e-13 5.897e-13 9.639e-13 1.288e-12 1.567e-12 1.812e-12 2.032e-12 2.133e-12 2.229e-12 2.409e-12 2.572e-12 3.59e-12 3.949e-12
38 10 2 2.215e-13 2.165e-13 2.213e-13 2.382e-13 2.667e-13 3.05e-13 3.519e-13 4.062e-13 4.67e-13 5.333e-13 6.042e-13 6.789e-13 1.084e-12 1.498e-12 2.234e-12 2.815e-12 3.267e-12 3.631e-12 3.935e-12 4.071e-12 4.199e-12 4.437e-12 4.655e-12 6.276e-12 7.117e-12
39 10 3 8.865e-13 8.718e-13 8.934e-13 9.534e-13 1.049e-12 1.175e-12 1.324e-12 1.494e-12 1.681e-12 1.882e-12 2.093e-12 2.313e-12 3.473e-12 4.624e-12 6.677e-12 8.383e-12 9.821e-12 1.106e-11 1.215e-11 1.264e-11 1.311e-11 1.397e-11 1.474e-11 1.939e-11 2.09e-11
40 10 4 2.243e-12 2.177e-12 2.188e-12 2.223e-12 2.313e-12 2.44e-12 2.59e-12 2.755e-12 2.927e-12 3.103e-12 3.28e-12 3.455e-12 4.29e-12 5.045e-12 6.385e-12 7.578e-12 8.656e-12 9.636e-12 1.053e-11 1.095e-11 1.135e-11 1.211e-11 1.281e-11 1.761e-11 1.976e-11
41 10 5 7.175e-12 7.072e-12 7.199e-12 7.432e-12 7.797e-12 8.253e-12 8.771e-12 9.327e-12 9.908e-12 1.05e-11 1.11e-11 1.169e-11 1.451e-11 1.697e-11 2.094e-11 2.403e-11 2.653e-11 2.86e-11 3.035e-11 3.113e-11 3.186e-11 3.317e-11 3.431e-11 4.072e-11 4.229e-11
42 10 6 1.453e-11 1.443e-11 1.471e-11 1.451e-11 1.427e-11 1.413e-11 1.406e-11 1.404e-11 1.406e-11 1.41e-11 1.416e-11 1.424e-11 1.48e-11 1.564e-11 1.785e-11 2.033e-11 2.277e-11 2.506e-11 2.715e-11 2.812e-11 2.905e-11 3.077e-11 3.234e-11 4.207e-11 4.563e-11
43 10 7 3.254e-11 3.291e-11 3.401e-11 3.481e-11 3.541e-11 3.603e-11 3.671e-11 3.742e-11 3.816e-11 3.89e-11 3.964e-11 4.037e-11 4.366e-11 4.637e-11 5.056e-11 5.371e-11 5.62e-11 5.825e-11 5.996e-11 6.072e-11 6.142e-11 6.269e-11 6.378e-11 6.936e-11 6.938e-11
44 10 8 7.716e-11 8.124e-11 8.697e-11 8.714e-11 8.427e-11 8.145e-11 7.911e-11 7.726e-11 7.581e-11 7.471e-11 7.389e-11 7.33e-11 7.272e-11 7.423e-11 7.927e-11 8.464e-11 8.958e-11 9.401e-11 9.794e-11 9.975e-11 1.015e-10 1.046e-10 1.074e-10 1.238e-10 1.274e-10
45 10 9 5.762e-11 6.37e-11 7.198e-11 7.967e-11 8.209e-11 8.282e-11 8.305e-11 8.316e-11 8.328e-11 8.343e-11 8.363e-11 8.385e-11 8.528e-11 8.682e-11 8.971e-11 9.224e-11 9.445e-11 9.638e-11 9.806e-11 9.881e-11 9.952e-11 1.008e-10 1.019e-10 1.061e-10 1.026e-10
46 11 1 1.935e-14 1.939e-14 2.037e-14 2.272e-14 2.644e-14 3.167e-14 3.845e-14 4.677e-14 5.663e-14 6.798e-14 8.076e-14 9.489e-14 1.818e-13 2.852e-13 4.967e-13 6.813e-13 8.31e-13 9.509e-13 1.048e-12 1.091e-12 1.13e-12 1.199e-12 1.261e-12 1.674e-12 1.887e-12
47 11 2 1.11e-13 1.108e-13 1.157e-13 1.269e-13 1.445e-13 1.689e-13 1.998e-13 2.37e-13 2.802e-13 3.292e-13 3.835e-13 4.427e-13 7.942e-13 1.196e-12 2.006e-12 2.739e-12 3.383e-12 3.954e-12 4.465e-12 4.703e-12 4.929e-12 5.351e-12 5.738e-12 8.271e-12 9.278e-12
48 11 3 3.491e-13 3.416e-13 3.481e-13 3.666e-13 4.003e-13 4.474e-13 5.055e-13 5.729e-13 6.48e-13 7.296e-13 8.166e-13 9.081e-13 1.406e-12 1.922e-12 2.881e-12 3.686e-12 4.346e-12 4.895e-12 5.363e-12 5.573e-12 5.771e-12 6.137e-12 6.469e-12 8.819e-12 1e-11
49 11 4 1.293e-12 1.276e-12 1.308e-12 1.371e-12 1.477e-12 1.62e-12 1.792e-12 1.987e-12 2.2e-12 2.427e-12 2.666e-12 2.912e-12 4.193e-12 5.448e-12 7.688e-12 9.569e-12 1.117e-11 1.256e-11 1.379e-11 1.435e-11 1.488e-11 1.586e-11 1.673e-11 2.215e-11 2.406e-11
50 11 5 2.754e-12 2.701e-12 2.741e-12 2.773e-12 2.85e-12 2.969e-12 3.115e-12 3.278e-12 3.449e-12 3.625e-12 3.801e-12 3.975e-12 4.801e-12 5.545e-12 6.886e-12 8.116e-12 9.265e-12 1.034e-11 1.133e-11 1.18e-11 1.226e-11 1.311e-11 1.391e-11 1.938e-11 2.181e-11
51 11 6 8.996e-12 8.935e-12 9.123e-12 9.309e-12 9.632e-12 1.007e-11 1.059e-11 1.115e-11 1.173e-11 1.233e-11 1.294e-11 1.354e-11 1.635e-11 1.879e-11 2.272e-11 2.578e-11 2.828e-11 3.037e-11 3.215e-11 3.294e-11 3.368e-11 3.501e-11 3.618e-11 4.273e-11 4.437e-11
52 11 7 1.491e-11 1.5e-11 1.552e-11 1.547e-11 1.52e-11 1.5e-11 1.489e-11 1.482e-11 1.48e-11 1.481e-11 1.483e-11 1.488e-11 1.535e-11 1.614e-11 1.831e-11 2.08e-11 2.328e-11 2.562e-11 2.778e-11 2.879e-11 2.975e-11 3.155e-11 3.318e-11 4.34e-11 4.716e-11
53 11 8 3.72e-11 3.801e-11 3.944e-11 4.005e-11 4.042e-11 4.086e-11 4.138e-11 4.195e-11 4.256e-11 4.319e-11 4.382e-11 4.444e-11 4.729e-11 4.967e-11 5.338e-11 5.621e-11 5.849e-11 6.038e-11 6.198e-11 6.27e-11 6.336e-11 6.455e-11 6.559e-11 7.084e-11 7.07e-11
54 11 9 7.14e-11 7.596e-11 8.254e-11 8.412e-11 8.196e-11 7.959e-11 7.756e-11 7.593e-11 7.466e-11 7.37e-11 7.3e-11 7.252e-11 7.228e-11 7.402e-11 7.937e-11 8.495e-11 9.007e-11 9.462e-11 9.866e-11 1.005e-10 1.022e-10 1.055e-10 1.083e-10 1.25e-10 1.287e-10
55 11 10 6.534e-11 7.232e-11 8.031e-11 8.694e-11 8.911e-11 8.96e-11 8.954e-11 8.936e-11 8.918e-11 8.906e-11 8.899e-11 8.898e-11 8.943e-11 9.029e-11 9.227e-11 9.421e-11 9.601e-11 9.765e-11 9.911e-11 9.978e-11 1.004e-10 1.016e-10 1.026e-10 1.064e-10 1.028e-10
56 12 1 8.733e-15 9.005e-15 9.743e-15 1.12e-14 1.328e-14 1.631e-14 2.057e-14 2.626e-14 3.35e-14 4.235e-14 5.279e-14 6.475e-14 1.43e-13 2.398e-13 4.429e-13 6.284e-13 7.899e-13 9.307e-13 1.056e-12 1.113e-12 1.168e-12 1.271e-12 1.365e-12 2.026e-12 2.324e-12
57 12 2 4.342e-14 4.388e-14 4.642e-14 5.164e-14 5.927e-14 7.008e-14 8.463e-14 1.033e-13 1.263e-13 1.537e-13 1.852e-13 2.206e-13 4.441e-13 7.123e-13 1.262e-12 1.747e-12 2.147e-12 2.472e-12 2.737e-12 2.852e-12 2.958e-12 3.145e-12 3.308e-12 4.337e-12 4.825e-12
58 12 3 1.801e-13 1.805e-13 1.884e-13 2.048e-13 2.293e-13 2.627e-13 3.058e-13 3.586e-13 4.21e-13 4.925e-13 5.723e-13 6.594e-13 1.171e-12 1.739e-12 2.841e-12 3.811e-12 4.653e-12 5.394e-12 6.056e-12 6.362e-12 6.655e-12 7.201e-12 7.703e-12 1.107e-11 1.248e-11
59 12 4 4.859e-13 4.797e-13 4.909e-13 5.157e-13 5.555e-13 6.084e-13 6.727e-13 7.47e-13 8.305e-13 9.219e-13 1.02e-12 1.124e-12 1.697e-12 2.298e-12 3.422e-12 4.376e-12 5.173e-12 5.845e-12 6.425e-12 6.688e-12 6.936e-12 7.393e-12 7.81e-12 1.07e-11 1.207e-11
60 12 5 1.748e-12 1.727e-12 1.755e-12 1.822e-12 1.94e-12 2.095e-12 2.278e-12 2.483e-12 2.706e-12 2.943e-12 3.191e-12 3.448e-12 4.781e-12 6.085e-12 8.406e-12 1.036e-11 1.204e-11 1.352e-11 1.483e-11 1.543e-11 1.6e-11 1.705e-11 1.8e-11 2.392e-11 2.601e-11
61 12 6 3.194e-12 3.156e-12 3.201e-12 3.245e-12 3.321e-12 3.418e-12 3.527e-12 3.642e-12 3.761e-12 3.884e-12 4.01e-12 4.139e-12 4.818e-12 5.531e-12 6.974e-12 8.36e-12 9.656e-12 1.086e-11 1.196e-11 1.248e-11 1.298e-11 1.393e-11 1.48e-11 2.076e-11 2.334e-11
62 12 7 1.088e-11 1.081e-11 1.09e-11 1.1e-11 1.13e-11 1.171e-11 1.216e-11 1.264e-11 1.313e-11 1.362e-11 1.411e-11 1.46e-11 1.692e-11 1.901e-11 2.259e-11 2.555e-11 2.806e-11 3.021e-11 3.208e-11 3.292e-11 3.371e-11 3.514e-11 3.641e-11 4.364e-11 4.547e-11
63 12 8 1.478e-11 1.502e-11 1.559e-11 1.578e-11 1.564e-11 1.547e-11 1.532e-11 1.52e-11 1.514e-11 1.511e-11 1.512e-11 1.518e-11 1.585e-11 1.697e-11 1.972e-11 2.256e-11 2.523e-11 2.766e-11 2.985e-11 3.087e-11 3.183e-11 3.361e-11 3.523e-11 4.535e-11 4.9e-11
64 12 9 4.193e-11 4.272e-11 4.348e-11 4.351e-11 4.377e-11 4.416e-11 4.459e-11 4.504e-11 4.547e-11 4.59e-11 4.63e-11 4.669e-11 4.839e-11 4.984e-11 5.236e-11 5.461e-11 5.666e-11 5.852e-11 6.018e-11 6.095e-11 6.168e-11 6.301e-11 6.421e-11 7.08e-11 7.112e-11
65 12 10 6.441e-11 6.888e-11 7.484e-11 7.808e-11 7.749e-11 7.606e-11 7.461e-11 7.337e-11 7.239e-11 7.167e-11 7.118e-11 7.088e-11 7.142e-11 7.372e-11 7.973e-11 8.571e-11 9.111e-11 9.588e-11 1.001e-10 1.02e-10 1.038e-10 1.072e-10 1.101e-10 1.275e-10 1.311e-10
66 12 11 7.354e-11 7.99e-11 8.509e-11 8.89e-11 9.06e-11 9.157e-11 9.23e-11 9.292e-11 9.345e-11 9.389e-11 9.424e-11 9.452e-11 9.504e-11 9.488e-11 9.449e-11 9.472e-11 9.548e-11 9.654e-11 9.772e-11 9.832e-11 9.892e-11 1.001e-10 1.012e-10 1.068e-10 1.042e-10
67 13 1 3.578e-15 3.729e-15 4.086e-15 4.758e-15 5.682e-15 7.042e-15 8.976e-15 1.16e-14 1.499e-14 1.921e-14 2.429e-14 3.023e-14 7.196e-14 1.292e-13 2.64e-13 3.979e-13 5.168e-13 6.18e-13 7.032e-13 7.406e-13 7.75e-13 8.362e-13 8.89e-13 1.2e-12 1.338e-12
68 13 2 2.06e-14 2.114e-14 2.275e-14 2.587e-14 3.016e-14 3.631e-14 4.478e-14 5.589e-14 6.986e-14 8.678e-14 1.067e-13 1.294e-13 2.804e-13 4.746e-13 9.057e-13 1.321e-12 1.692e-12 2.021e-12 2.315e-12 2.451e-12 2.581e-12 2.825e-12 3.05e-12 4.676e-12 5.472e-12
69 13 3 7.164e-14 7.214e-14 7.598e-14 8.355e-14 9.415e-14 1.09e-13 1.285e-13 1.529e-13 1.824e-13 2.168e-13 2.558e-13 2.992e-13 5.694e-13 8.953e-13 1.585e-12 2.223e-12 2.772e-12 3.235e-12 3.626e-12 3.8e-12 3.961e-12 4.251e-12 4.507e-12 6.124e-12 6.875e-12
70 13 4 2.689e-13 2.688e-13 2.793e-13 3.009e-13 3.318e-13 3.739e-13 4.271e-13 4.911e-13 5.652e-13 6.486e-13 7.403e-13 8.392e-13 1.407e-12 2.028e-12 3.234e-12 4.311e-12 5.261e-12 6.11e-12 6.877e-12 7.233e-12 7.575e-12 8.215e-12 8.804e-12 1.279e-11 1.451e-11
71 13 5 6.437e-13 6.367e-13 6.51e-13 6.82e-13 7.286e-13 7.91e-13 8.667e-13 9.534e-13 1.05e-12 1.153e-12 1.263e-12 1.378e-12 1.994e-12 2.621e-12 3.781e-12 4.774e-12 5.619e-12 6.349e-12 6.991e-12 7.286e-12 7.566e-12 8.089e-12 8.568e-12 1.192e-11 1.351e-11
72 13 6 2.217e-12 2.199e-12 2.241e-12 2.322e-12 2.453e-12 2.626e-12 2.831e-12 3.059e-12 3.305e-12 3.566e-12 3.837e-12 4.115e-12 5.534e-12 6.893e-12 9.274e-12 1.127e-11 1.299e-11 1.451e-11 1.587e-11 1.649e-11 1.709e-11 1.819e-11 1.918e-11 2.538e-11 2.758e-11
73 13 7 3.608e-12 3.59e-12 3.66e-12 3.742e-12 3.835e-12 3.95e-12 4.079e-12 4.214e-12 4.353e-12 4.494e-12 4.635e-12 4.776e-12 5.477e-12 6.172e-12 7.548e-12 8.883e-12 1.015e-11 1.135e-11 1.247e-11 1.301e-11 1.352e-11 1.449e-11 1.54e-11 2.166e-11 2.439e-11
74 13 8 1.242e-11 1.244e-11 1.265e-11 1.28e-11 1.308e-11 1.348e-11 1.392e-11 1.439e-11 1.488e-11 1.536e-11 1.585e-11 1.633e-11 1.865e-11 2.074e-11 2.429e-11 2.72e-11 2.966e-11 3.176e-11 3.359e-11 3.442e-11 3.519e-11 3.66e-11 3.785e-11 4.501e-11 4.676e-11
75 13 9 1.461e-11 1.494e-11 1.56e-11 1.604e-11 1.609e-11 1.606e-11 1.604e-11 1.605e-11 1.61e-11 1.617e-11 1.627e-11 1.638e-11 1.72e-11 1.829e-11 2.085e-11 2.351e-11 2.605e-11 2.839e-11 3.052e-11 3.151e-11 3.246e-11 3.422e-11 3.582e-11 4.602e-11 4.976e-11
76 13 10 4.49e-11 4.621e-11 4.751e-11 4.761e-11 4.764e-11 4.779e-11 4.796e-11 4.814e-11 4.833e-11 4.852e-11 4.873e-11 4.894e-11 5.012e-11 5.139e-11 5.388e-11 5.615e-11 5.818e-11 5.998e-11 6.159e-11 6.233e-11 6.303e-11 6.431e-11 6.546e-11 7.181e-11 7.201e-11
77 13 11 5.88e-11 6.325e-11 6.914e-11 7.365e-11 7.433e-11 7.404e-11 7.365e-11 7.34e-11 7.333e-11 7.341e-11 7.363e-11 7.395e-11 7.641e-11 7.943e-11 8.548e-11 9.093e-11 9.571e-11 9.992e-11 1.036e-10 1.054e-10 1.07e-10 1.1e-10 1.127e-10 1.288e-10 1.321e-10
78 13 12 7.935e-11 8.7e-11 9.309e-11 9.535e-11 9.554e-11 9.51e-11 9.438e-11 9.357e-11 9.276e-11 9.2e-11 9.133e-11 9.073e-11 8.883e-11 8.816e-11 8.858e-11 8.995e-11 9.165e-11 9.34e-11 9.511e-11 9.592e-11 9.671e-11 9.82e-11 9.955e-11 1.062e-10 1.039e-10
79 14 1 1.587e-15 1.677e-15 1.856e-15 2.186e-15 2.636e-15 3.309e-15 4.276e-15 5.596e-15 7.316e-15 9.476e-15 1.21e-14 1.522e-14 3.827e-14 7.249e-14 1.612e-13 2.574e-13 3.489e-13 4.322e-13 5.074e-13 5.424e-13 5.758e-13 6.386e-13 6.968e-13 1.13e-12 1.364e-12
80 14 2 8.513e-15 8.803e-15 9.528e-15 1.089e-14 1.277e-14 1.554e-14 1.942e-14 2.455e-14 3.105e-14 3.901e-14 4.847e-14 5.948e-14 1.372e-13 2.48e-13 5.293e-13 8.338e-13 1.123e-12 1.382e-12 1.609e-12 1.711e-12 1.806e-12 1.978e-12 2.129e-12 3.031e-12 3.422e-12
81 14 3 3.5e-14 3.564e-14 3.79e-14 4.222e-14 4.825e-14 5.694e-14 6.866e-14 8.358e-14 1.018e-13 1.232e-13 1.479e-13 1.757e-13 3.553e-13 5.851e-13 1.11e-12 1.639e-12 2.131e-12 2.579e-12 2.986e-12 3.176e-12 3.358e-12 3.701e-12 4.019e-12 6.305e-12 7.449e-12
82 14 4 1.07e-13 1.073e-13 1.119e-13 1.21e-13 1.342e-13 1.532e-13 1.781e-13 2.086e-13 2.445e-13 2.854e-13 3.309e-13 3.806e-13 6.788e-13 1.03e-12 1.777e-12 2.488e-12 3.119e-12 3.669e-12 4.146e-12 4.361e-12 4.562e-12 4.93e-12 5.258e-12 7.363e-12 8.336e-12
83 14 5 3.733e-13 3.722e-13 3.836e-13 4.078e-13 4.444e-13 4.964e-13 5.626e-13 6.414e-13 7.311e-13 8.301e-13 9.368e-13 1.05e-12 1.677e-12 2.338e-12 3.603e-12 4.734e-12 5.744e-12 6.658e-12 7.492e-12 7.883e-12 8.258e-12 8.963e-12 9.615e-12 1.404e-11 1.595e-11
84 14 6 8.038e-13 7.978e-13 8.151e-13 8.485e-13 8.998e-13 9.732e-13 1.065e-12 1.17e-12 1.285e-12 1.408e-12 1.536e-12 1.668e-12 2.346e-12 3.006e-12 4.19e-12 5.19e-12 6.046e-12 6.793e-12 7.46e-12 7.769e-12 8.064e-12 8.619e-12 9.132e-12 1.279e-11 1.454e-11
85 14 7 2.699e-12 2.685e-12 2.733e-12 2.816e-12 2.957e-12 3.16e-12 3.41e-12 3.692e-12 3.995e-12 4.312e-12 4.635e-12 4.962e-12 6.562e-12 8.014e-12 1.045e-11 1.244e-11 1.414e-11 1.564e-11 1.699e-11 1.762e-11 1.821e-11 1.932e-11 2.032e-11 2.662e-11 2.885e-11
86 14 8 3.941e-12 3.954e-12 4.057e-12 4.157e-12 4.255e-12 4.388e-12 4.545e-12 4.715e-12 4.889e-12 5.062e-12 5.233e-12 5.4e-12 6.175e-12 6.881e-12 8.209e-12 9.484e-12 1.071e-11 1.188e-11 1.299e-11 1.351e-11 1.403e-11 1.5e-11 1.592e-11 2.232e-11 2.514e-11
87 14 9 1.38e-11 1.389e-11 1.415e-11 1.431e-11 1.46e-11 1.508e-11 1.567e-11 1.631e-11 1.697e-11 1.764e-11 1.828e-11 1.891e-11 2.171e-11 2.398e-11 2.749e-11 3.018e-11 3.24e-11 3.429e-11 3.594e-11 3.668e-11 3.738e-11 3.866e-11 3.98e-11 4.646e-11 4.802e-11
88 14 10 1.421e-11 1.467e-11 1.544e-11 1.602e-11 1.613e-11 1.615e-11 1.618e-11 1.623e-11 1.63e-11 1.64e-11 1.651e-11 1.663e-11 1.744e-11 1.847e-11 2.093e-11 2.353e-11 2.605e-11 2.839e-11 3.054e-11 3.154e-11 3.249e-11 3.427e-11 3.59e-11 4.632e-11 5.018e-11
89 14 11 4.7e-11 4.872e-11 5.046e-11 5.082e-11 5.09e-11 5.129e-11 5.187e-11 5.254e-11 5.322e-11 5.388e-11 5.45e-11 5.508e-11 5.736e-11 5.894e-11 6.108e-11 6.266e-11 6.398e-11 6.515e-11 6.622e-11 6.672e-11 6.72e-11 6.809e-11 6.892e-11 7.371e-11 7.338e-11
90 14 12 5.367e-11 5.819e-11 6.399e-11 6.889e-11 7.013e-11 7.024e-11 7.011e-11 7.005e-11 7.011e-11 7.031e-11 7.063e-11 7.104e-11 7.395e-11 7.742e-11 8.419e-11 9.011e-11 9.517e-11 9.953e-11 1.034e-10 1.051e-10 1.067e-10 1.098e-10 1.125e-10 1.288e-10 1.322e-10
91 14 13 8.45e-11 9.293e-11 9.988e-11 1.024e-10 1.024e-10 1.021e-10 1.018e-10 1.016e-10 1.014e-10 1.012e-10 1.01e-10 1.008e-10 1.001e-10 9.957e-11 9.909e-11 9.922e-11 9.974e-11 1.005e-10 1.013e-10 1.018e-10 1.022e-10 1.031e-10 1.04e-10 1.083e-10 1.052e-10
92 15 1 6.642e-16 7.109e-16 7.965e-16 9.688e-16 1.398e-15 2.21e-15 3.311e-15 4.6e-15 6.033e-15 7.614e-15 9.367e-15 1.132e-14 2.501e-14 4.615e-14 1.072e-13 1.814e-13 2.575e-13 3.297e-13 3.955e-13 4.259e-13 4.546e-13 5.073e-13 5.543e-13 8.38e-13 9.581e-13
93 15 2 3.818e-15 4.005e-15 4.395e-15 5.179e-15 6.966e-15 1.023e-14 1.462e-14 1.973e-14 2.539e-14 3.158e-14 3.835e-14 4.581e-14 9.536e-14 1.666e-13 3.568e-13 5.733e-13 7.877e-13 9.884e-13 1.173e-12 1.26e-12 1.343e-12 1.499e-12 1.644e-12 2.717e-12 3.306e-12
94 15 3 1.455e-14 1.495e-14 1.605e-14 1.821e-14 2.27e-14 3.057e-14 4.101e-14 5.31e-14 6.639e-14 8.077e-14 9.629e-14 1.131e-13 2.186e-13 3.601e-13 7.184e-13 1.115e-12 1.502e-12 1.859e-12 2.179e-12 2.325e-12 2.463e-12 2.715e-12 2.939e-12 4.314e-12 4.913e-12
95 15 4 5.347e-14 5.426e-14 5.728e-14 6.339e-14 7.516e-14 9.488e-14 1.205e-13 1.499e-13 1.817e-13 2.155e-13 2.513e-13 2.891e-13 5.082e-13 7.699e-13 1.355e-12 1.948e-12 2.507e-12 3.025e-12 3.502e-12 3.726e-12 3.942e-12 4.349e-12 4.729e-12 7.458e-12 8.824e-12
96 15 5 1.487e-13 1.491e-13 1.545e-13 1.661e-13 1.878e-13 2.235e-13 2.692e-13 3.211e-13 3.767e-13 4.35e-13 4.957e-13 5.585e-13 9.027e-13 1.283e-12 2.073e-12 2.82e-12 3.488e-12 4.076e-12 4.593e-12 4.828e-12 5.05e-12 5.458e-12 5.826e-12 8.248e-12 9.382e-12
97 15 6 4.841e-13 4.841e-13 4.989e-13 5.294e-13 5.84e-13 6.704e-13 7.79e-13 9e-13 1.028e-12 1.159e-12 1.293e-12 1.429e-12 2.123e-12 2.815e-12 4.105e-12 5.25e-12 6.277e-12 7.215e-12 8.078e-12 8.485e-12 8.876e-12 9.617e-12 1.03e-11 1.501e-11 1.705e-11
98 15 7 9.71e-13 9.684e-13 9.9e-13 1.029e-12 1.096e-12 1.199e-12 1.329e-12 1.472e-12 1.621e-12 1.772e-12 1.924e-12 2.075e-12 2.804e-12 3.479e-12 4.658e-12 5.642e-12 6.483e-12 7.22e-12 7.883e-12 8.192e-12 8.489e-12 9.051e-12 9.575e-12 1.34e-11 1.527e-11
99 15 8 3.138e-12 3.144e-12 3.218e-12 3.329e-12 3.509e-12 3.788e-12 4.13e-12 4.501e-12 4.883e-12 5.263e-12 5.638e-12 6.005e-12 7.695e-12 9.154e-12 1.154e-11 1.347e-11 1.512e-11 1.659e-11 1.792e-11 1.853e-11 1.912e-11 2.022e-11 2.122e-11 2.758e-11 2.984e-11
100 15 9 4.24e-12 4.279e-12 4.4e-12 4.518e-12 4.625e-12 4.776e-12 4.96e-12 5.161e-12 5.365e-12 5.566e-12 5.761e-12 5.949e-12 6.789e-12 7.515e-12 8.825e-12 1.006e-11 1.124e-11 1.238e-11 1.345e-11 1.397e-11 1.447e-11 1.544e-11 1.634e-11 2.279e-11 2.568e-11
101 15 10 1.484e-11 1.507e-11 1.548e-11 1.579e-11 1.616e-11 1.677e-11 1.751e-11 1.831e-11 1.91e-11 1.987e-11 2.06e-11 2.129e-11 2.42e-11 2.643e-11 2.975e-11 3.224e-11 3.429e-11 3.605e-11 3.758e-11 3.827e-11 3.893e-11 4.013e-11 4.121e-11 4.756e-11 4.901e-11
102 15 11 1.373e-11 1.429e-11 1.511e-11 1.576e-11 1.589e-11 1.588e-11 1.585e-11 1.583e-11 1.583e-11 1.585e-11 1.589e-11 1.595e-11 1.651e-11 1.746e-11 1.996e-11 2.271e-11 2.537e-11 2.783e-11 3.007e-11 3.112e-11 3.211e-11 3.396e-11 3.565e-11 4.64e-11 5.04e-11
103 15 12 4.842e-11 5.059e-11 5.284e-11 5.371e-11 5.399e-11 5.455e-11 5.53e-11 5.611e-11 5.689e-11 5.762e-11 5.828e-11 5.887e-11 6.101e-11 6.236e-11 6.408e-11 6.533e-11 6.64e-11 6.737e-11 6.827e-11 6.87e-11 6.911e-11 6.989e-11 7.062e-11 7.488e-11 7.433e-11
104 15 13 4.9e-11 5.342e-11 5.888e-11 6.378e-11 6.529e-11 6.559e-11 6.554e-11 6.545e-11 6.543e-11 6.552e-11 6.571e-11 6.6e-11 6.856e-11 7.206e-11 7.945e-11 8.609e-11 9.179e-11 9.667e-11 1.009e-10 1.028e-10 1.046e-10 1.079e-10 1.109e-10 1.283e-10 1.32e-10
105 15 14 8.9e-11 9.806e-11 1.056e-10 1.086e-10 1.086e-10 1.08e-10 1.072e-10 1.064e-10 1.057e-10 1.05e-10 1.043e-10 1.038e-10 1.017e-10 1.005e-10 9.963e-11 9.971e-11 1.003e-10 1.011e-10 1.02e-10 1.024e-10 1.029e-10 1.038e-10 1.047e-10 1.089e-10 1.057e-10
106 16 1 2.854e-16 3.083e-16 3.466e-16 4.142e-16 4.999e-16 6.214e-16 7.905e-16 1.019e-15 1.319e-15 1.704e-15 2.188e-15 2.783e-15 7.907e-15 1.769e-14 5.241e-14 1.017e-13 1.568e-13 2.12e-13 2.644e-13 2.893e-13 3.132e-13 3.583e-13 3.999e-13 6.955e-13 8.578e-13
107 16 2 1.617e-15 1.708e-15 1.879e-15 2.186e-15 2.575e-15 3.121e-15 3.867e-15 4.853e-15 6.119e-15 7.707e-15 9.658e-15 1.201e-14 3.117e-14 6.564e-14 1.835e-13 3.488e-13 5.34e-13 7.192e-13 8.942e-13 9.765e-13 1.055e-12 1.201e-12 1.332e-12 2.134e-12 2.47e-12
108 16 3 6.671e-15 6.919e-15 7.475e-15 8.484e-15 9.765e-15 1.153e-14 1.387e-14 1.687e-14 2.061e-14 2.514e-14 3.055e-14 3.687e-14 8.372e-14 1.578e-13 3.778e-13 6.557e-13 9.508e-13 1.239e-12 1.512e-12 1.641e-12 1.765e-12 2e-12 2.217e-12 3.78e-12 4.615e-12
109 16 4 2.254e-14 2.304e-14 2.449e-14 2.711e-14 3.045e-14 3.5e-14 4.093e-14 4.834e-14 5.731e-14 6.791e-14 8.019e-14 9.42e-14 1.905e-13 3.291e-13 7.047e-13 1.15e-12 1.605e-12 2.038e-12 2.434e-12 2.618e-12 2.793e-12 3.114e-12 3.402e-12 5.194e-12 5.975e-12
110 16 5 7.646e-14 7.756e-14 8.169e-14 8.905e-14 9.829e-14 1.106e-13 1.262e-13 1.451e-13 1.674e-13 1.929e-13 2.215e-13 2.533e-13 4.531e-13 7.063e-13 1.3e-12 1.93e-12 2.547e-12 3.132e-12 3.678e-12 3.937e-12 4.187e-12 4.661e-12 5.102e-12 8.25e-12 9.802e-12
111 16 6 1.952e-13 1.969e-13 2.056e-13 2.2e-13 2.377e-13 2.613e-13 2.907e-13 3.258e-13 3.661e-13 4.112e-13 4.608e-13 5.145e-13 8.326e-13 1.205e-12 2.007e-12 2.787e-12 3.498e-12 4.133e-12 4.697e-12 4.955e-12 5.2e-12 5.652e-12 6.062e-12 8.797e-12 1.009e-11
112 16 7 6.067e-13 6.114e-13 6.362e-13 6.746e-13 7.203e-13 7.799e-13 8.525e-13 9.366e-13 1.031e-12 1.133e-12 1.243e-12 1.358e-12 1.994e-12 2.665e-12 3.964e-12 5.151e-12 6.238e-12 7.24e-12 8.169e-12 8.608e-12 9.031e-12 9.832e-12 1.058e-11 1.565e-11 1.785e-11
113 16 8 1.133e-12 1.144e-12 1.189e-12 1.245e-12 1.304e-12 1.379e-12 1.47e-12 1.574e-12 1.688e-12 1.809e-12 1.935e-12 2.066e-12 2.745e-12 3.413e-12 4.619e-12 5.639e-12 6.512e-12 7.279e-12 7.968e-12 8.29e-12 8.599e-12 9.185e-12 9.733e-12 1.376e-11 1.575e-11
114 16 9 3.558e-12 3.603e-12 3.742e-12 3.894e-12 4.05e-12 4.25e-12 4.488e-12 4.754e-12 5.04e-12 5.338e-12 5.645e-12 5.956e-12 7.49e-12 8.903e-12 1.131e-11 1.331e-11 1.505e-11 1.661e-11 1.801e-11 1.866e-11 1.928e-11 2.044e-11 2.15e-11 2.817e-11 3.053e-11
115 16 10 4.489e-12 4.597e-12 4.816e-12 4.999e-12 5.106e-12 5.222e-12 5.356e-12 5.504e-12 5.66e-12 5.82e-12 5.982e-12 6.142e-12 6.904e-12 7.6e-12 8.893e-12 1.013e-11 1.134e-11 1.249e-11 1.359e-11 1.411e-11 1.463e-11 1.561e-11 1.653e-11 2.309e-11 2.605e-11
116 16 11 1.563e-11 1.608e-11 1.682e-11 1.732e-11 1.763e-11 1.804e-11 1.853e-11 1.907e-11 1.964e-11 2.021e-11 2.079e-11 2.136e-11 2.395e-11 2.613e-11 2.956e-11 3.222e-11 3.44e-11 3.626e-11 3.787e-11 3.86e-11 3.928e-11 4.053e-11 4.165e-11 4.818e-11 4.966e-11
117 16 12 1.332e-11 1.404e-11 1.509e-11 1.585e-11 1.602e-11 1.601e-11 1.597e-11 1.593e-11 1.59e-11 1.588e-11 1.589e-11 1.591e-11 1.63e-11 1.707e-11 1.932e-11 2.198e-11 2.466e-11 2.718e-11 2.95e-11 3.059e-11 3.162e-11 3.354e-11 3.53e-11 4.641e-11 5.055e-11
118 16 13 4.925e-11 5.216e-11 5.557e-11 5.7e-11 5.71e-11 5.723e-11 5.747e-11 5.78e-11 5.818e-11 5.858e-11 5.899e-11 5.939e-11 6.121e-11 6.27e-11 6.497e-11 6.66e-11 6.786e-11 6.89e-11 6.979e-11 7.021e-11 7.06e-11 7.133e-11 7.199e-11 7.585e-11 7.512e-11
119 16 14 4.496e-11 4.973e-11 5.587e-11 6.079e-11 6.221e-11 6.249e-11 6.242e-11 6.231e-11 6.225e-11 6.229e-11 6.242e-11 6.265e-11 6.486e-11 6.809e-11 7.527e-11 8.205e-11 8.806e-11 9.33e-11 9.788e-11 9.997e-11 1.019e-10 1.055e-10 1.087e-10 1.273e-10 1.315e-10
120 16 15 9.288e-11 1.039e-10 1.147e-10 1.182e-10 1.172e-10 1.157e-10 1.143e-10 1.131e-10 1.121e-10 1.113e-10 1.105e-10 1.099e-10 1.08e-10 1.072e-10 1.066e-10 1.066e-10 1.067e-10 1.07e-10 1.074e-10 1.076e-10 1.078e-10 1.083e-10 1.087e-10 1.109e-10 1.069e-10
121 17 1 1.208e-16 1.321e-16 1.498e-16 1.892e-16 3.076e-16 5.43e-16 8.647e-16 1.239e-15 1.653e-15 2.111e-15 2.623e-15 3.204e-15 7.625e-15 1.546e-14 4.247e-14 8.134e-14 1.264e-13 1.732e-13 2.191e-13 2.412e-13 2.625e-13 3.03e-13 3.402e-13 5.815e-13 6.875e-13
122 17 2 7.029e-16 7.518e-16 8.349e-16 1.016e-15 1.503e-15 2.439e-15 3.712e-15 5.194e-15 6.834e-15 8.638e-15 1.064e-14 1.289e-14 2.916e-14 5.607e-14 1.418e-13 2.572e-13 3.855e-13 5.154e-13 6.409e-13 7.01e-13 7.593e-13 8.699e-13 9.729e-13 1.712e-12 2.115e-12
123 17 3 2.854e-15 2.985e-15 3.241e-15 3.793e-15 5.088e-15 7.469e-15 1.067e-14 1.441e-14 1.854e-14 2.306e-14 2.802e-14 3.351e-14 7.117e-14 1.29e-13 3.016e-13 5.244e-13 7.671e-13 1.01e-12 1.241e-12 1.352e-12 1.457e-12 1.656e-12 1.838e-12 3.01e-12 3.529e-12
124 17 4 1.05e-14 1.081e-14 1.153e-14 1.311e-14 1.646e-14 2.234e-14 3.015e-14 3.917e-14 4.907e-14 5.977e-14 7.133e-14 8.385e-14 1.633e-13 2.723e-13 5.575e-13 8.869e-13 1.224e-12 1.549e-12 1.858e-12 2.005e-12 2.147e-12 2.417e-12 2.67e-12 4.526e-12 5.523e-12
125 17 5 3.255e-14 3.306e-14 3.462e-14 3.828e-14 4.551e-14 5.765e-14 7.355e-14 9.186e-14 1.118e-13 1.333e-13 1.562e-13 1.806e-13 3.278e-13 5.154e-13 9.707e-13 1.466e-12 1.951e-12 2.404e-12 2.818e-12 3.01e-12 3.193e-12 3.532e-12 3.84e-12 5.832e-12 6.743e-12
126 17 6 1.022e-13 1.031e-13 1.071e-13 1.166e-13 1.34e-13 1.619e-13 1.977e-13 2.384e-13 2.823e-13 3.286e-13 3.77e-13 4.276e-13 7.105e-13 1.032e-12 1.719e-12 2.392e-12 3.025e-12 3.614e-12 4.162e-12 4.422e-12 4.674e-12 5.155e-12 5.606e-12 8.908e-12 1.056e-11
127 17 7 2.471e-13 2.48e-13 2.55e-13 2.72e-13 3.012e-13 3.462e-13 4.032e-13 4.676e-13 5.366e-13 6.09e-13 6.84e-13 7.613e-13 1.176e-12 1.621e-12 2.507e-12 3.317e-12 4.028e-12 4.651e-12 5.199e-12 5.45e-12 5.688e-12 6.13e-12 6.533e-12 9.313e-12 1.067e-11
128 17 8 7.246e-13 7.284e-13 7.495e-13 7.947e-13 8.655e-13 9.7e-13 1.099e-12 1.242e-12 1.393e-12 1.548e-12 1.706e-12 1.865e-12 2.662e-12 3.433e-12 4.823e-12 6.021e-12 7.082e-12 8.049e-12 8.942e-12 9.366e-12 9.774e-12 1.055e-11 1.128e-11 1.635e-11 1.858e-11
129 17 9 1.291e-12 1.301e-12 1.335e-12 1.396e-12 1.478e-12 1.59e-12 1.726e-12 1.875e-12 2.033e-12 2.193e-12 2.355e-12 2.517e-12 3.301e-12 4.022e-12 5.257e-12 6.261e-12 7.103e-12 7.835e-12 8.49e-12 8.797e-12 9.092e-12 9.654e-12 1.018e-11 1.417e-11 1.618e-11
130 17 10 3.902e-12 3.951e-12 4.071e-12 4.25e-12 4.475e-12 4.783e-12 5.148e-12 5.543e-12 5.948e-12 6.354e-12 6.754e-12 7.144e-12 8.934e-12 1.046e-11 1.289e-11 1.483e-11 1.649e-11 1.795e-11 1.927e-11 1.989e-11 2.048e-11 2.157e-11 2.258e-11 2.903e-11 3.133e-11
131 17 11 4.689e-12 4.804e-12 4.991e-12 5.195e-12 5.34e-12 5.486e-12 5.643e-12 5.81e-12 5.982e-12 6.156e-12 6.329e-12 6.499e-12 7.296e-12 8.014e-12 9.332e-12 1.057e-11 1.176e-11 1.288e-11 1.395e-11 1.446e-11 1.496e-11 1.591e-11 1.681e-11 2.332e-11 2.628e-11
132 17 12 1.615e-11 1.664e-11 1.73e-11 1.792e-11 1.844e-11 1.909e-11 1.985e-11 2.064e-11 2.144e-11 2.221e-11 2.295e-11 2.365e-11 2.661e-11 2.885e-11 3.215e-11 3.46e-11 3.659e-11 3.829e-11 3.976e-11 4.042e-11 4.105e-11 4.22e-11 4.323e-11 4.93e-11 5.06e-11
133 17 13 1.291e-11 1.36e-11 1.448e-11 1.527e-11 1.554e-11 1.557e-11 1.551e-11 1.544e-11 1.538e-11 1.535e-11 1.535e-11 1.538e-11 1.591e-11 1.691e-11 1.957e-11 2.244e-11 2.52e-11 2.773e-11 3.002e-11 3.109e-11 3.21e-11 3.398e-11 3.568e-11 4.658e-11 5.067e-11
134 17 14 4.951e-11 5.235e-11 5.525e-11 5.699e-11 5.765e-11 5.834e-11 5.914e-11 5.996e-11 6.076e-11 6.151e-11 6.219e-11 6.281e-11 6.507e-11 6.646e-11 6.812e-11 6.922e-11 7.013e-11 7.093e-11 7.168e-11 7.203e-11 7.237e-11 7.301e-11 7.361e-11 7.707e-11 7.611e-11
135 17 15 4.137e-11 4.547e-11 5.021e-11 5.486e-11 5.679e-11 5.748e-11 5.769e-11 5.779e-11 5.794e-11 5.818e-11 5.853e-11 5.899e-11 6.243e-11 6.674e-11 7.538e-11 8.289e-11 8.92e-11 9.453e-11 9.91e-11 1.012e-10 1.031e-10 1.066e-10 1.097e-10 1.278e-10 1.317e-10
136 17 16 9.626e-11 1.067e-10 1.155e-10 1.191e-10 1.187e-10 1.176e-10 1.165e-10 1.155e-10 1.146e-10 1.138e-10 1.13e-10 1.124e-10 1.098e-10 1.081e-10 1.062e-10 1.056e-10 1.055e-10 1.058e-10 1.063e-10 1.066e-10 1.07e-10 1.076e-10 1.082e-10 1.111e-10 1.073e-10
137 18 1 5.106e-17 5.651e-17 6.458e-17 8.339e-17 1.465e-16 2.745e-16 4.493e-16 6.512e-16 8.729e-16 1.117e-15 1.39e-15 1.702e-15 4.157e-15 8.761e-15 2.586e-14 5.215e-14 8.405e-14 1.183e-13 1.526e-13 1.694e-13 1.858e-13 2.171e-13 2.465e-13 4.54e-13 5.644e-13
138 18 2 2.999e-16 3.238e-16 3.616e-16 4.473e-16 6.988e-16 1.194e-15 1.867e-15 2.649e-15 3.513e-15 4.464e-15 5.528e-15 6.732e-15 1.588e-14 3.223e-14 9.037e-14 1.775e-13 2.824e-13 3.946e-13 5.071e-13 5.622e-13 6.159e-13 7.188e-13 8.149e-13 1.461e-12 1.752e-12
139 18 3 1.258e-15 1.329e-15 1.452e-15 1.728e-15 2.43e-15 3.753e-15 5.538e-15 7.61e-15 9.896e-15 1.24e-14 1.517e-14 1.825e-14 4.011e-14 7.55e-14 1.875e-13 3.397e-13 5.121e-13 6.901e-13 8.649e-13 9.497e-13 1.032e-12 1.19e-12 1.339e-12 2.412e-12 2.992e-12
140 18 4 4.542e-15 4.711e-15 5.051e-15 5.814e-15 7.527e-15 1.061e-14 1.472e-14 1.949e-14 2.476e-14 3.05e-14 3.678e-14 4.368e-14 9.002e-14 1.592e-13 3.607e-13 6.178e-13 8.98e-13 1.18e-12 1.452e-12 1.582e-12 1.707e-12 1.945e-12 2.165e-12 3.622e-12 4.283e-12
141 18 5 1.538e-14 1.573e-14 1.658e-14 1.861e-14 2.282e-14 3.006e-14 3.958e-14 5.056e-14 6.256e-14 7.549e-14 8.94e-14 1.044e-13 1.978e-13 3.227e-13 6.406e-13 1.001e-12 1.366e-12 1.721e-12 2.057e-12 2.219e-12 2.375e-12 2.674e-12 2.956e-12 5.06e-12 6.197e-12
142 18 6 4.412e-14 4.476e-14 4.665e-14 5.122e-14 5.988e-14 7.409e-14 9.253e-14 1.137e-13 1.368e-13 1.615e-13 1.879e-13 2.16e-13 3.834e-13 5.925e-13 1.088e-12 1.616e-12 2.127e-12 2.601e-12 3.035e-12 3.237e-12 3.429e-12 3.787e-12 4.113e-12 6.275e-12 7.287e-12
143 18 7 1.314e-13 1.325e-13 1.368e-13 1.48e-13 1.682e-13 1.998e-13 2.4e-13 2.856e-13 3.346e-13 3.862e-13 4.403e-13 4.965e-13 8.085e-13 1.158e-12 1.888e-12 2.591e-12 3.244e-12 3.849e-12 4.411e-12 4.679e-12 4.938e-12 5.434e-12 5.902e-12 9.377e-12 1.114e-11
144 18 8 2.993e-13 3.019e-13 3.113e-13 3.323e-13 3.652e-13 4.138e-13 4.746e-13 5.432e-13 6.169e-13 6.943e-13 7.748e-13 8.579e-13 1.304e-12 1.778e-12 2.711e-12 3.549e-12 4.275e-12 4.904e-12 5.457e-12 5.709e-12 5.949e-12 6.393e-12 6.8e-12 9.653e-12 1.107e-11
145 18 9 8.403e-13 8.468e-13 8.703e-13 9.223e-13 1.001e-12 1.113e-12 1.249e-12 1.401e-12 1.56e-12 1.723e-12 1.89e-12 2.057e-12 2.897e-12 3.703e-12 5.138e-12 6.361e-12 7.435e-12 8.409e-12 9.308e-12 9.734e-12 1.015e-11 1.093e-11 1.166e-11 1.683e-11 1.913e-11
146 18 10 1.434e-12 1.455e-12 1.502e-12 1.579e-12 1.668e-12 1.782e-12 1.917e-12 2.066e-12 2.222e-12 2.383e-12 2.546e-12 2.71e-12 3.513e-12 4.256e-12 5.524e-12 6.545e-12 7.392e-12 8.122e-12 8.774e-12 9.078e-12 9.37e-12 9.926e-12 1.045e-11 1.444e-11 1.648e-11
147 18 11 4.177e-12 4.253e-12 4.396e-12 4.609e-12 4.856e-12 5.175e-12 5.548e-12 5.948e-12 6.358e-12 6.769e-12 7.175e-12 7.572e-12 9.398e-12 1.095e-11 1.343e-11 1.54e-11 1.706e-11 1.853e-11 1.985e-11 2.046e-11 2.105e-11 2.214e-11 2.314e-11 2.96e-11 3.191e-11
148 18 12 4.858e-12 5.011e-12 5.231e-12 5.47e-12 5.63e-12 5.774e-12 5.92e-12 6.072e-12 6.229e-12 6.39e-12 6.551e-12 6.711e-12 7.484e-12 8.201e-12 9.531e-12 1.078e-11 1.197e-11 1.31e-11 1.417e-11 1.468e-11 1.517e-11 1.613e-11 1.702e-11 2.352e-11 2.65e-11
149 18 13 1.643e-11 1.702e-11 1.778e-11 1.852e-11 1.912e-11 1.98e-11 2.056e-11 2.135e-11 2.215e-11 2.292e-11 2.366e-11 2.436e-11 2.735e-11 2.965e-11 3.302e-11 3.551e-11 3.751e-11 3.92e-11 4.066e-11 4.132e-11 4.194e-11 4.308e-11 4.409e-11 5.002e-11 5.124e-11
150 18 14 1.254e-11 1.327e-11 1.414e-11 1.495e-11 1.526e-11 1.532e-11 1.527e-11 1.519e-11 1.512e-11 1.507e-11 1.506e-11 1.507e-11 1.557e-11 1.656e-11 1.926e-11 2.219e-11 2.499e-11 2.755e-11 2.987e-11 3.095e-11 3.197e-11 3.387e-11 3.559e-11 4.658e-11 5.072e-11
151 18 15 4.93e-11 5.238e-11 5.549e-11 5.757e-11 5.842e-11 5.92e-11 6.004e-11 6.09e-11 6.173e-11 6.251e-11 6.323e-11 6.388e-11 6.632e-11 6.784e-11 6.967e-11 7.082e-11 7.172e-11 7.25e-11 7.32e-11 7.353e-11 7.384e-11 7.444e-11 7.499e-11 7.809e-11 7.692e-11
152 18 16 3.828e-11 4.223e-11 4.664e-11 5.108e-11 5.317e-11 5.405e-11 5.439e-11 5.457e-11 5.477e-11 5.504e-11 5.543e-11 5.592e-11 5.953e-11 6.406e-11 7.314e-11 8.1e-11 8.758e-11 9.313e-11 9.787e-11 1e-10 1.02e-10 1.056e-10 1.088e-10 1.273e-10 1.314e-10
153 18 17 9.917e-11 1.102e-10 1.195e-10 1.235e-10 1.229e-10 1.217e-10 1.205e-10 1.195e-10 1.186e-10 1.178e-10 1.171e-10 1.164e-10 1.137e-10 1.119e-10 1.096e-10 1.086e-10 1.083e-10 1.084e-10 1.087e-10 1.089e-10 1.092e-10 1.097e-10 1.102e-10 1.124e-10 1.082e-10
154 19 1 2.229e-17 2.479e-17 2.831e-17 3.545e-17 4.693e-17 6.631e-17 9.704e-17 1.428e-16 2.077e-16 2.959e-16 4.118e-16 5.602e-16 1.947e-15 4.799e-15 1.628e-14 3.551e-14 6.051e-14 8.882e-14 1.184e-13 1.332e-13 1.479e-13 1.765e-13 2.038e-13 3.952e-13 4.836e-13
155 19 2 1.318e-16 1.432e-16 1.603e-16 1.957e-16 2.526e-16 3.468e-16 4.926e-16 7.044e-16 9.971e-16 1.386e-15 1.885e-15 2.51e-15 7.988e-15 1.839e-14 5.656e-14 1.161e-13 1.902e-13 2.721e-13 3.561e-13 3.978e-13 4.389e-13 5.185e-13 5.939e-13 1.139e-12 1.43e-12
156 19 3 5.556e-16 5.902e-16 6.464e-16 7.669e-16 9.582e-16 1.264e-15 1.721e-15 2.359e-15 3.213e-15 4.31e-15 5.681e-15 7.351e-15 2.096e-14 4.469e-14 1.243e-13 2.403e-13 3.798e-13 5.306e-13 6.839e-13 7.596e-13 8.341e-13 9.78e-13 1.114e-12 2.06e-12 2.496e-12
157 19 4 2.062e-15 2.154e-15 2.321e-15 2.694e-15 3.295e-15 4.244e-15 5.623e-15 7.501e-15 9.935e-15 1.297e-14 1.665e-14 2.1e-14 5.332e-14 1.031e-13 2.459e-13 4.271e-13 6.27e-13 8.324e-13 1.035e-12 1.134e-12 1.231e-12 1.418e-12 1.595e-12 2.914e-12 3.641e-12
158 19 5 6.757e-15 6.973e-15 7.413e-15 8.423e-15 1.002e-14 1.244e-14 1.583e-14 2.028e-14 2.587e-14 3.263e-14 4.061e-14 4.983e-14 1.141e-13 2.061e-13 4.513e-13 7.428e-13 1.05e-12 1.355e-12 1.648e-12 1.789e-12 1.925e-12 2.184e-12 2.424e-12 4.061e-12 4.818e-12
159 19 6 2.105e-14 2.153e-14 2.267e-14 2.536e-14 2.96e-14 3.585e-14 4.432e-14 5.508e-14 6.813e-14 8.345e-14 1.01e-13 1.206e-13 2.468e-13 4.086e-13 7.875e-13 1.186e-12 1.575e-12 1.945e-12 2.295e-12 2.462e-12 2.624e-12 2.936e-12 3.231e-12 5.49e-12 6.741e-12
160 19 7 5.65e-14 5.751e-14 6.01e-14 6.614e-14 7.527e-14 8.825e-14 1.052e-13 1.26e-13 1.506e-13 1.788e-13 2.102e-13 2.448e-13 4.561e-13 7.127e-13 1.283e-12 1.855e-12 2.39e-12 2.877e-12 3.318e-12 3.522e-12 3.717e-12 4.079e-12 4.409e-12 6.635e-12 7.693e-12
161 19 8 1.581e-13 1.603e-13 1.667e-13 1.814e-13 2.02e-13 2.289e-13 2.618e-13 3e-13 3.429e-13 3.9e-13 4.408e-13 4.95e-13 8.032e-13 1.15e-12 1.881e-12 2.597e-12 3.272e-12 3.902e-12 4.491e-12 4.772e-12 5.044e-12 5.565e-12 6.056e-12 9.721e-12 1.159e-11
162 19 9 3.442e-13 3.495e-13 3.626e-13 3.9e-13 4.274e-13 4.762e-13 5.354e-13 6.036e-13 6.792e-13 7.611e-13 8.483e-13 9.397e-13 1.438e-12 1.96e-12 2.958e-12 3.829e-12 4.569e-12 5.203e-12 5.754e-12 6.006e-12 6.243e-12 6.684e-12 7.087e-12 9.938e-12 1.138e-11
163 19 10 9.306e-13 9.449e-13 9.788e-13 1.045e-12 1.122e-12 1.209e-12 1.305e-12 1.406e-12 1.511e-12 1.621e-12 1.732e-12 1.846e-12 2.437e-12 3.043e-12 4.256e-12 5.436e-12 6.564e-12 7.629e-12 8.63e-12 9.107e-12 9.567e-12 1.044e-11 1.126e-11 1.69e-11 1.937e-11
164 19 11 1.537e-12 1.57e-12 1.63e-12 1.726e-12 1.833e-12 1.954e-12 2.088e-12 2.231e-12 2.38e-12 2.534e-12 2.69e-12 2.847e-12 3.626e-12 4.358e-12 5.627e-12 6.661e-12 7.522e-12 8.262e-12 8.921e-12 9.228e-12 9.522e-12 1.008e-11 1.061e-11 1.46e-11 1.665e-11
165 19 12 4.369e-12 4.476e-12 4.65e-12 4.909e-12 5.161e-12 5.418e-12 5.676e-12 5.935e-12 6.193e-12 6.45e-12 6.705e-12 6.957e-12 8.179e-12 9.34e-12 1.151e-11 1.349e-11 1.531e-11 1.698e-11 1.849e-11 1.92e-11 1.987e-11 2.112e-11 2.226e-11 2.939e-11 3.187e-11
166 19 13 4.978e-12 5.16e-12 5.399e-12 5.677e-12 5.892e-12 6.087e-12 6.273e-12 6.454e-12 6.632e-12 6.806e-12 6.977e-12 7.146e-12 7.954e-12 8.71e-12 1.011e-11 1.138e-11 1.256e-11 1.367e-11 1.471e-11 1.52e-11 1.568e-11 1.66e-11 1.746e-11 2.369e-11 2.654e-11
167 19 14 1.651e-11 1.719e-11 1.802e-11 1.891e-11 1.957e-11 2.016e-11 2.073e-11 2.127e-11 2.18e-11 2.231e-11 2.282e-11 2.33e-11 2.555e-11 2.753e-11 3.089e-11 3.366e-11 3.598e-11 3.795e-11 3.965e-11 4.041e-11 4.113e-11 4.242e-11 4.355e-11 4.981e-11 5.091e-11
168 19 15 1.227e-11 1.304e-11 1.39e-11 1.478e-11 1.538e-11 1.59e-11 1.637e-11 1.683e-11 1.727e-11 1.769e-11 1.81e-11 1.85e-11 2.036e-11 2.205e-11 2.502e-11 2.762e-11 2.993e-11 3.2e-11 3.386e-11 3.472e-11 3.554e-11 3.707e-11 3.847e-11 4.749e-11 5.078e-11
169 19 16 4.877e-11 5.205e-11 5.532e-11 5.775e-11 5.862e-11 5.903e-11 5.928e-11 5.948e-11 5.965e-11 5.983e-11 6.001e-11 6.019e-11 6.119e-11 6.224e-11 6.428e-11 6.614e-11 6.778e-11 6.92e-11 7.044e-11 7.099e-11 7.15e-11 7.243e-11 7.323e-11 7.67e-11 7.508e-11
170 19 17 3.569e-11 3.949e-11 4.36e-11 4.793e-11 5.097e-11 5.352e-11 5.577e-11 5.78e-11 5.965e-11 6.135e-11 6.293e-11 6.44e-11 7.061e-11 7.558e-11 8.346e-11 8.974e-11 9.496e-11 9.939e-11 1.032e-10 1.049e-10 1.065e-10 1.094e-10 1.12e-10 1.259e-10 1.278e-10
171 19 18 1.016e-10 1.132e-10 1.229e-10 1.27e-10 1.255e-10 1.227e-10 1.197e-10 1.17e-10 1.146e-10 1.125e-10 1.106e-10 1.09e-10 1.035e-10 1.006e-10 9.839e-11 9.841e-11 9.928e-11 1.004e-10 1.016e-10 1.022e-10 1.027e-10 1.037e-10 1.046e-10 1.065e-10 1.012e-10
172 20 1 6.346e-17 6.68e-17 7.085e-17 7.834e-17 8.859e-17 1.032e-16 1.234e-16 1.509e-16 1.873e-16 2.346e-16 2.949e-16 3.708e-16 1.085e-15 2.645e-15 9.617e-15 2.238e-14 3.998e-14 6.071e-14 8.3e-14 9.433e-14 1.057e-13 1.28e-13 1.494e-13 3.076e-13 3.9e-13
173 20 2 2.894e-16 3.054e-16 3.242e-16 3.579e-16 4.029e-16 4.66e-16 5.527e-16 6.687e-16 8.202e-16 1.014e-15 1.259e-15 1.562e-15 4.293e-15 9.956e-15 3.385e-14 7.593e-14 1.328e-13 1.992e-13 2.703e-13 3.066e-13 3.428e-13 4.142e-13 4.832e-13 9.887e-13 1.231e-12
174 20 3 9.244e-16 9.785e-16 1.041e-15 1.149e-15 1.287e-15 1.476e-15 1.73e-15 2.064e-15 2.491e-15 3.027e-15 3.688e-15 4.49e-15 1.125e-14 2.404e-14 7.222e-14 1.494e-13 2.479e-13 3.586e-13 4.743e-13 5.324e-13 5.901e-13 7.029e-13 8.112e-13 1.614e-12 2.042e-12
175 20 4 2.657e-15 2.822e-15 3.007e-15 3.309e-15 3.683e-15 4.185e-15 4.851e-15 5.709e-15 6.787e-15 8.112e-15 9.715e-15 1.162e-14 2.673e-14 5.308e-14 1.43e-13 2.76e-13 4.372e-13 6.129e-13 7.931e-13 8.826e-13 9.711e-13 1.143e-12 1.307e-12 2.48e-12 3.039e-12
176 20 5 7.242e-15 7.719e-15 8.251e-15 9.082e-15 1.007e-14 1.135e-14 1.301e-14 1.511e-14 1.769e-14 2.079e-14 2.445e-14 2.872e-14 6.019e-14 1.099e-13 2.589e-13 4.541e-13 6.725e-13 8.987e-13 1.123e-12 1.233e-12 1.342e-12 1.551e-12 1.751e-12 3.263e-12 4.102e-12
177 20 6 1.819e-14 1.944e-14 2.08e-14 2.281e-14 2.511e-14 2.804e-14 3.179e-14 3.643e-14 4.205e-14 4.868e-14 5.64e-14 6.522e-14 1.269e-13 2.175e-13 4.689e-13 7.76e-13 1.103e-12 1.429e-12 1.743e-12 1.894e-12 2.04e-12 2.318e-12 2.578e-12 4.373e-12 5.23e-12
178 20 7 4.511e-14 4.843e-14 5.202e-14 5.717e-14 6.274e-14 6.96e-14 7.81e-14 8.839e-14 1.005e-13 1.145e-13 1.305e-13 1.482e-13 2.64e-13 4.177e-13 7.941e-13 1.204e-12 1.61e-12 1.998e-12 2.365e-12 2.541e-12 2.713e-12 3.041e-12 3.353e-12 5.763e-12 7.106e-12
179 20 8 9.971e-14 1.074e-13 1.153e-13 1.26e-13 1.37e-13 1.504e-13 1.667e-13 1.861e-13 2.088e-13 2.346e-13 2.634e-13 2.951e-13 4.923e-13 7.396e-13 1.309e-12 1.896e-12 2.45e-12 2.956e-12 3.414e-12 3.626e-12 3.828e-12 4.204e-12 4.547e-12 6.882e-12 8.022e-12
180 20 9 2.344e-13 2.537e-13 2.741e-13 3.009e-13 3.27e-13 3.57e-13 3.924e-13 4.333e-13 4.796e-13 5.309e-13 5.868e-13 6.469e-13 9.94e-13 1.386e-12 2.19e-12 2.944e-12 3.631e-12 4.26e-12 4.843e-12 5.12e-12 5.388e-12 5.901e-12 6.387e-12 1.006e-11 1.196e-11
181 20 10 4.433e-13 4.81e-13 5.191e-13 5.644e-13 6.054e-13 6.517e-13 7.056e-13 7.675e-13 8.368e-13 9.126e-13 9.941e-13 1.081e-12 1.562e-12 2.081e-12 3.091e-12 3.979e-12 4.734e-12 5.379e-12 5.939e-12 6.193e-12 6.433e-12 6.878e-12 7.284e-12 1.018e-11 1.168e-11
182 20 11 1.046e-12 1.142e-12 1.242e-12 1.362e-12 1.466e-12 1.576e-12 1.698e-12 1.832e-12 1.978e-12 2.132e-12 2.294e-12 2.461e-12 3.327e-12 4.173e-12 5.67e-12 6.93e-12 8.029e-12 9.021e-12 9.935e-12 1.037e-11 1.078e-11 1.158e-11 1.232e-11 1.759e-11 1.994e-11
183 20 12 1.58e-12 1.729e-12 1.875e-12 2.026e-12 2.14e-12 2.254e-12 2.379e-12 2.515e-12 2.662e-12 2.817e-12 2.976e-12 3.14e-12 3.962e-12 4.733e-12 6.045e-12 7.088e-12 7.943e-12 8.671e-12 9.316e-12 9.615e-12 9.902e-12 1.045e-11 1.096e-11 1.491e-11 1.698e-11
184 20 13 4.088e-12 4.509e-12 4.94e-12 5.407e-12 5.758e-12 6.097e-12 6.447e-12 6.814e-12 7.192e-12 7.577e-12 7.965e-12 8.35e-12 1.017e-11 1.175e-11 1.429e-11 1.628e-11 1.798e-11 1.947e-11 2.08e-11 2.142e-11 2.202e-11 2.312e-11 2.413e-11 3.057e-11 3.283e-11
185 20 14 4.421e-12 4.883e-12 5.326e-12 5.72e-12 5.936e-12 6.105e-12 6.265e-12 6.426e-12 6.591e-12 6.759e-12 6.927e-12 7.094e-12 7.893e-12 8.628e-12 9.977e-12 1.123e-11 1.242e-11 1.353e-11 1.459e-11 1.509e-11 1.558e-11 1.652e-11 1.741e-11 2.384e-11 2.683e-11
186 20 15 1.409e-11 1.571e-11 1.734e-11 1.89e-11 1.987e-11 2.071e-11 2.151e-11 2.229e-11 2.307e-11 2.382e-11 2.456e-11 2.526e-11 2.834e-11 3.074e-11 3.428e-11 3.688e-11 3.896e-11 4.069e-11 4.218e-11 4.285e-11 4.347e-11 4.461e-11 4.562e-11 5.145e-11 5.255e-11
187 20 16 1.007e-11 1.124e-11 1.238e-11 1.332e-11 1.37e-11 1.385e-11 1.391e-11 1.394e-11 1.396e-11 1.4e-11 1.405e-11 1.412e-11 1.479e-11 1.587e-11 1.867e-11 2.166e-11 2.452e-11 2.713e-11 2.949e-11 3.059e-11 3.163e-11 3.356e-11 3.531e-11 4.654e-11 5.082e-11
188 20 17 4.139e-11 4.671e-11 5.194e-11 5.616e-11 5.81e-11 5.942e-11 6.053e-11 6.154e-11 6.248e-11 6.335e-11 6.415e-11 6.489e-11 6.778e-11 6.967e-11 7.196e-11 7.335e-11 7.435e-11 7.517e-11 7.588e-11 7.621e-11 7.652e-11 7.709e-11 7.762e-11 8.059e-11 7.931e-11
189 20 18 2.963e-11 3.358e-11 3.786e-11 4.173e-11 4.369e-11 4.479e-11 4.55e-11 4.606e-11 4.661e-11 4.72e-11 4.786e-11 4.859e-11 5.306e-11 5.82e-11 6.818e-11 7.675e-11 8.389e-11 8.99e-11 9.503e-11 9.733e-11 9.948e-11 1.034e-10 1.069e-10 1.277e-10 1.329e-10
190 20 19 9.324e-11 1.081e-10 1.219e-10 1.297e-10 1.308e-10 1.304e-10 1.295e-10 1.286e-10 1.277e-10 1.268e-10 1.26e-10 1.252e-10 1.22e-10 1.196e-10 1.165e-10 1.148e-10 1.14e-10 1.138e-10 1.138e-10 1.139e-10 1.14e-10 1.144e-10 1.148e-10 1.173e-10 1.135e-10
! COLLISION PARTNER
3 OH2
! NUMBER OF COLLISIONAL TRANSITIONS
190
! NUMBER OF COLLISION TEMPERATURES
25
! COLLISION TEMPERATURES
2 5 10 20 30 40 50 60 70 80 90 100 150 200 300 400 500 600 700 750 800 900 1000 2000 3000
! TRANS + UP + LOW + RATE COEFFS(cm^3 s^-1)
1 2 1 4.231e-11 4.197e-11 3.841e-11 3.417e-11 3.281e-11 3.264e-11 3.292e-11 3.338e-11 3.385e-11 3.43e-11 3.471e-11 3.506e-11 3.628e-11 3.686e-11 3.725e-11 3.731e-11 3.729e-11 3.729e-11 3.732e-11 3.734e-11 3.737e-11 3.745e-11 3.756e-11 3.946e-11 4.17e-11
2 3 1 6.132e-11 5.53e-11 5.018e-11 4.684e-11 4.53e-11 4.42e-11 4.334e-11 4.266e-11 4.213e-11 4.173e-11 4.144e-11 4.125e-11 4.139e-11 4.256e-11 4.562e-11 4.843e-11 5.075e-11 5.264e-11 5.422e-11 5.492e-11 5.557e-11 5.674e-11 5.78e-11 6.51e-11 6.963e-11
3 3 2 8.368e-11 7.109e-11 6.276e-11 5.753e-11 5.608e-11 5.596e-11 5.648e-11 5.73e-11 5.825e-11 5.923e-11 6.021e-11 6.115e-11 6.505e-11 6.774e-11 7.1e-11 7.286e-11 7.409e-11 7.501e-11 7.576e-11 7.61e-11 7.641e-11 7.701e-11 7.756e-11 8.249e-11 8.638e-11
4 4 1 6.017e-12 6.583e-12 7.093e-12 7.274e-12 7.437e-12 7.721e-12 8.088e-12 8.501e-12 8.932e-12 9.364e-12 9.786e-12 1.019e-11 1.192e-11 1.318e-11 1.482e-11 1.582e-11 1.65e-11 1.699e-11 1.736e-11 1.752e-11 1.767e-11 1.792e-11 1.813e-11 1.949e-11 2.027e-11
5 4 2 7.455e-11 7.937e-11 8.317e-11 8.132e-11 7.791e-11 7.504e-11 7.279e-11 7.104e-11 6.968e-11 6.862e-11 6.781e-11 6.72e-11 6.632e-11 6.746e-11 7.172e-11 7.625e-11 8.032e-11 8.386e-11 8.694e-11 8.833e-11 8.965e-11 9.206e-11 9.423e-11 1.091e-10 1.178e-10
6 4 3 9.578e-11 8.064e-11 7.476e-11 7.007e-11 6.779e-11 6.684e-11 6.669e-11 6.703e-11 6.765e-11 6.842e-11 6.927e-11 7.015e-11 7.438e-11 7.78e-11 8.265e-11 8.597e-11 8.846e-11 9.046e-11 9.214e-11 9.289e-11 9.359e-11 9.487e-11 9.602e-11 1.043e-10 1.095e-10
7 5 1 5.777e-12 5.868e-12 6.077e-12 6.115e-12 6.08e-12 6.07e-12 6.082e-12 6.103e-12 6.126e-12 6.146e-12 6.164e-12 6.179e-12 6.269e-12 6.475e-12 7.242e-12 8.115e-12 8.882e-12 9.528e-12 1.008e-11 1.033e-11 1.058e-11 1.102e-11 1.143e-11 1.409e-11 1.513e-11
8 5 2 8.554e-12 1.04e-11 1.23e-11 1.356e-11 1.427e-11 1.504e-11 1.593e-11 1.687e-11 1.783e-11 1.876e-11 1.966e-11 2.052e-11 2.432e-11 2.751e-11 3.291e-11 3.69e-11 3.954e-11 4.123e-11 4.232e-11 4.271e-11 4.305e-11 4.355e-11 4.39e-11 4.475e-11 4.364e-11
9 5 3 7.852e-11 8.338e-11 8.98e-11 9.055e-11 8.791e-11 8.53e-11 8.318e-11 8.15e-11 8.017e-11 7.908e-11 7.819e-11 7.747e-11 7.566e-11 7.606e-11 8.041e-11 8.553e-11 8.965e-11 9.278e-11 9.527e-11 9.629e-11 9.735e-11 9.918e-11 1.008e-10 1.117e-10 1.149e-10
10 5 4 8.495e-11 8.033e-11 7.829e-11 7.405e-11 7.166e-11 7.071e-11 7.065e-11 7.108e-11 7.176e-11 7.254e-11 7.335e-11 7.418e-11 7.808e-11 8.188e-11 8.95e-11 9.568e-11 9.981e-11 1.024e-10 1.04e-10 1.046e-10 1.051e-10 1.059e-10 1.064e-10 1.07e-10 1.031e-10
11 6 1 1.353e-12 1.403e-12 1.565e-12 1.776e-12 1.956e-12 2.154e-12 2.372e-12 2.601e-12 2.833e-12 3.062e-12 3.287e-12 3.507e-12 4.508e-12 5.365e-12 6.744e-12 7.768e-12 8.536e-12 9.127e-12 9.596e-12 9.779e-12 9.975e-12 1.029e-11 1.054e-11 1.157e-11 1.135e-11
12 6 2 1.124e-11 1.061e-11 1.055e-11 1.052e-11 1.049e-11 1.051e-11 1.059e-11 1.069e-11 1.08e-11 1.09e-11 1.1e-11 1.109e-11 1.151e-11 1.199e-11 1.324e-11 1.463e-11 1.601e-11 1.735e-11 1.861e-11 1.918e-11 1.978e-11 2.088e-11 2.188e-11 2.825e-11 3.037e-11
13 6 3 9.682e-12 1.198e-11 1.485e-11 1.709e-11 1.818e-11 1.917e-11 2.02e-11 2.128e-11 2.235e-11 2.339e-11 2.441e-11 2.538e-11 2.969e-11 3.329e-11 3.9e-11 4.317e-11 4.625e-11 4.86e-11 5.045e-11 5.181e-11 5.195e-11 5.319e-11 5.423e-11 5.81e-11 3.037e-11
14 6 4 9.014e-11 9.21e-11 9.771e-11 9.843e-11 9.56e-11 9.268e-11 9.025e-11 8.83e-11 8.672e-11 8.543e-11 8.437e-11 8.35e-11 8.123e-11 8.124e-11 8.426e-11 8.831e-11 9.219e-11 9.573e-11 9.893e-11 9.955e-11 1.018e-10 1.044e-10 1.068e-10 1.198e-10 1.21e-10
15 6 5 3.828e-11 5.663e-11 6.904e-11 7.298e-11 7.269e-11 7.248e-11 7.27e-11 7.321e-11 7.388e-11 7.461e-11 7.536e-11 7.609e-11 7.955e-11 8.272e-11 8.84e-11 9.294e-11 9.642e-11 9.914e-11 1.014e-10 1.024e-10 1.032e-10 1.048e-10 1.061e-10 1.097e-10 1.042e-10
16 7 1 1.026e-12 9.626e-13 9.547e-13 9.909e-13 1.045e-12 1.109e-12 1.181e-12 1.253e-12 1.324e-12 1.39e-12 1.452e-12 1.51e-12 1.747e-12 1.938e-12 2.28e-12 2.576e-12 2.829e-12 3.056e-12 3.269e-12 3.38e-12 3.474e-12 3.672e-12 3.862e-12 5.237e-12 5.815e-12
17 7 2 3.258e-12 3.169e-12 3.329e-12 3.665e-12 3.991e-12 4.36e-12 4.771e-12 5.208e-12 5.654e-12 6.102e-12 6.544e-12 6.981e-12 9.046e-12 1.096e-11 1.44e-11 1.709e-11 1.905e-11 2.048e-11 2.157e-11 2.183e-11 2.244e-11 2.315e-11 2.374e-11 2.643e-11 2.63e-11
18 7 3 1.433e-11 1.364e-11 1.332e-11 1.3e-11 1.283e-11 1.277e-11 1.28e-11 1.286e-11 1.295e-11 1.305e-11 1.315e-11 1.325e-11 1.383e-11 1.465e-11 1.688e-11 1.914e-11 2.105e-11 2.265e-11 2.402e-11 2.463e-11 2.525e-11 2.637e-11 2.74e-11 3.428e-11 3.691e-11
19 7 4 1.547e-11 1.607e-11 1.837e-11 2.082e-11 2.207e-11 2.313e-11 2.42e-11 2.529e-11 2.635e-11 2.738e-11 2.837e-11 2.932e-11 3.356e-11 3.734e-11 4.418e-11 4.953e-11 5.327e-11 5.586e-11 5.771e-11 5.84e-11 5.91e-11 6.017e-11 6.103e-11 6.386e-11 6.187e-11
20 7 5 9.15e-11 9.509e-11 1.012e-10 1.022e-10 9.952e-11 9.666e-11 9.422e-11 9.223e-11 9.059e-11 8.924e-11 8.812e-11 8.719e-11 8.477e-11 8.507e-11 8.992e-11 9.571e-11 1.004e-10 1.038e-10 1.065e-10 1.076e-10 1.087e-10 1.106e-10 1.122e-10 1.204e-10 1.202e-10
21 7 6 3.572e-11 4.674e-11 6.253e-11 7.212e-11 7.383e-11 7.439e-11 7.492e-11 7.556e-11 7.626e-11 7.697e-11 7.766e-11 7.833e-11 8.145e-11 8.462e-11 9.154e-11 9.745e-11 1.015e-10 1.041e-10 1.058e-10 1.064e-10 1.07e-10 1.077e-10 1.082e-10 1.062e-10 9.901e-11
22 8 1 4.144e-13 4.029e-13 4.104e-13 4.456e-13 4.954e-13 5.58e-13 6.31e-13 7.111e-13 7.954e-13 8.825e-13 9.712e-13 1.061e-12 1.513e-12 1.96e-12 2.79e-12 3.461e-12 3.972e-12 4.369e-12 4.692e-12 4.832e-12 4.962e-12 5.195e-12 5.396e-12 6.429e-12 6.59e-12
23 8 2 2.006e-12 1.909e-12 1.879e-12 1.911e-12 1.995e-12 2.108e-12 2.24e-12 2.38e-12 2.521e-12 2.66e-12 2.795e-12 2.924e-12 3.512e-12 4.043e-12 5.027e-12 5.845e-12 6.491e-12 7.018e-12 7.474e-12 7.69e-12 7.885e-12 8.265e-12 8.621e-12 1.118e-11 1.233e-11
24 8 3 4.898e-12 4.781e-12 4.886e-12 5.21e-12 5.569e-12 5.985e-12 6.452e-12 6.951e-12 7.462e-12 7.975e-12 8.485e-12 8.988e-12 1.14e-11 1.37e-11 1.794e-11 2.135e-11 2.386e-11 2.571e-11 2.714e-11 2.781e-11 2.826e-11 2.918e-11 2.994e-11 3.336e-11 3.338e-11
25 8 4 1.58e-11 1.556e-11 1.546e-11 1.503e-11 1.473e-11 1.456e-11 1.449e-11 1.448e-11 1.451e-11 1.455e-11 1.46e-11 1.467e-11 1.517e-11 1.605e-11 1.865e-11 2.135e-11 2.361e-11 2.545e-11 2.698e-11 2.731e-11 2.83e-11 2.945e-11 3.048e-11 3.704e-11 3.963e-11
26 8 5 2.163e-11 2.163e-11 2.309e-11 2.514e-11 2.633e-11 2.735e-11 2.837e-11 2.939e-11 3.04e-11 3.137e-11 3.229e-11 3.317e-11 3.71e-11 4.064e-11 4.726e-11 5.253e-11 5.619e-11 5.864e-11 6.027e-11 6.08e-11 6.138e-11 6.215e-11 6.267e-11 6.29e-11 6.021e-11
27 8 6 8.804e-11 9.271e-11 9.996e-11 1.018e-10 9.968e-11 9.721e-11 9.506e-11 9.326e-11 9.178e-11 9.054e-11 8.95e-11 8.864e-11 8.641e-11 8.68e-11 9.179e-11 9.764e-11 1.022e-10 1.054e-10 1.076e-10 1.084e-10 1.092e-10 1.104e-10 1.113e-10 1.141e-10 1.123e-10
28 8 7 4.555e-11 5.044e-11 6.26e-11 7.327e-11 7.604e-11 7.705e-11 7.774e-11 7.84e-11 7.906e-11 7.97e-11 8.031e-11 8.089e-11 8.356e-11 8.635e-11 9.268e-11 9.811e-11 1.017e-10 1.037e-10 1.047e-10 1.048e-10 1.05e-10 1.048e-10 1.044e-10 9.545e-11 8.665e-11
29 9 1 1.852e-13 1.84e-13 1.857e-13 1.962e-13 2.165e-13 2.423e-13 2.718e-13 3.038e-13 3.375e-13 3.725e-13 4.083e-13 4.446e-13 6.286e-13 8.099e-13 1.142e-12 1.402e-12 1.59e-12 1.728e-12 1.837e-12 1.882e-12 1.929e-12 2.012e-12 2.089e-12 2.674e-12 2.966e-12
30 9 2 8.871e-13 8.86e-13 8.957e-13 9.431e-13 1.035e-12 1.152e-12 1.286e-12 1.433e-12 1.59e-12 1.754e-12 1.924e-12 2.099e-12 3.012e-12 3.956e-12 5.777e-12 7.288e-12 8.466e-12 9.408e-12 1.02e-11 1.05e-11 1.088e-11 1.147e-11 1.201e-11 1.511e-11 1.593e-11
31 9 3 2.687e-12 2.647e-12 2.615e-12 2.599e-12 2.675e-12 2.792e-12 2.927e-12 3.071e-12 3.218e-12 3.365e-12 3.511e-12 3.655e-12 4.356e-12 5.058e-12 6.477e-12 7.718e-12 8.709e-12 9.51e-12 1.019e-11 1.046e-11 1.079e-11 1.133e-11 1.183e-11 1.535e-11 1.695e-11
32 9 4 6.629e-12 6.664e-12 6.735e-12 6.924e-12 7.29e-12 7.735e-12 8.221e-12 8.728e-12 9.245e-12 9.764e-12 1.028e-11 1.079e-11 1.328e-11 1.569e-11 2.024e-11 2.396e-11 2.672e-11 2.878e-11 3.036e-11 3.089e-11 3.162e-11 3.266e-11 3.354e-11 3.792e-11 3.849e-11
33 9 5 1.639e-11 1.689e-11 1.722e-11 1.68e-11 1.644e-11 1.62e-11 1.604e-11 1.594e-11 1.586e-11 1.582e-11 1.58e-11 1.58e-11 1.611e-11 1.693e-11 1.964e-11 2.254e-11 2.503e-11 2.709e-11 2.883e-11 2.998e-11 3.034e-11 3.167e-11 3.287e-11 4.041e-11 4.335e-11
34 9 6 2.763e-11 2.821e-11 2.912e-11 3.01e-11 3.103e-11 3.196e-11 3.289e-11 3.378e-11 3.465e-11 3.549e-11 3.629e-11 3.706e-11 4.055e-11 4.38e-11 5.004e-11 5.509e-11 5.86e-11 6.092e-11 6.245e-11 6.293e-11 6.347e-11 6.415e-11 6.461e-11 6.467e-11 6.216e-11
35 9 7 8.308e-11 8.968e-11 9.791e-11 1.003e-10 9.89e-11 9.698e-11 9.511e-11 9.344e-11 9.199e-11 9.076e-11 8.972e-11 8.886e-11 8.675e-11 8.731e-11 9.258e-11 9.861e-11 1.033e-10 1.066e-10 1.09e-10 1.096e-10 1.108e-10 1.121e-10 1.132e-10 1.168e-10 1.153e-10
36 9 8 5.548e-11 6.031e-11 6.896e-11 7.696e-11 7.96e-11 8.078e-11 8.152e-11 8.209e-11 8.259e-11 8.305e-11 8.349e-11 8.39e-11 8.597e-11 8.839e-11 9.42e-11 9.928e-11 1.026e-10 1.044e-10 1.052e-10 1.053e-10 1.054e-10 1.051e-10 1.046e-10 9.509e-11 8.623e-11
37 10 1 8.475e-14 8.648e-14 8.949e-14 9.694e-14 1.098e-13 1.267e-13 1.469e-13 1.7e-13 1.956e-13 2.234e-13 2.532e-13 2.849e-13 4.649e-13 6.687e-13 1.089e-12 1.453e-12 1.749e-12 1.997e-12 2.213e-12 2.311e-12 2.407e-12 2.586e-12 2.751e-12 3.832e-12 4.224e-12
38 10 2 3.865e-13 3.861e-13 3.902e-13 4.057e-13 4.411e-13 4.882e-13 5.433e-13 6.044e-13 6.699e-13 7.391e-13 8.113e-13 8.86e-13 1.285e-12 1.714e-12 2.571e-12 3.285e-12 3.818e-12 4.212e-12 4.516e-12 4.649e-12 4.765e-12 4.979e-12 5.17e-12 6.529e-12 7.204e-12
39 10 3 1.325e-12 1.334e-12 1.35e-12 1.395e-12 1.5e-12 1.639e-12 1.8e-12 1.977e-12 2.165e-12 2.362e-12 2.566e-12 2.776e-12 3.878e-12 5.036e-12 7.33e-12 9.279e-12 1.082e-11 1.207e-11 1.312e-11 1.361e-11 1.404e-11 1.486e-11 1.561e-11 2.026e-11 2.181e-11
40 10 4 3.244e-12 3.253e-12 3.257e-12 3.223e-12 3.283e-12 3.391e-12 3.521e-12 3.661e-12 3.806e-12 3.952e-12 4.097e-12 4.242e-12 4.955e-12 5.7e-12 7.288e-12 8.737e-12 9.924e-12 1.09e-11 1.173e-11 1.206e-11 1.247e-11 1.314e-11 1.375e-11 1.794e-11 1.982e-11
41 10 5 8.381e-12 8.517e-12 8.632e-12 8.75e-12 9.088e-12 9.529e-12 1.002e-11 1.053e-11 1.105e-11 1.158e-11 1.21e-11 1.262e-11 1.512e-11 1.754e-11 2.215e-11 2.595e-11 2.88e-11 3.093e-11 3.258e-11 3.321e-11 3.392e-11 3.504e-11 3.599e-11 4.1e-11 4.195e-11
42 10 6 1.642e-11 1.72e-11 1.789e-11 1.767e-11 1.735e-11 1.711e-11 1.693e-11 1.681e-11 1.671e-11 1.664e-11 1.66e-11 1.658e-11 1.681e-11 1.759e-11 2.029e-11 2.325e-11 2.581e-11 2.797e-11 2.981e-11 2.049e-11 3.142e-11 3.285e-11 3.413e-11 4.225e-11 4.539e-11
43 10 7 3.301e-11 3.396e-11 3.49e-11 3.545e-11 3.61e-11 3.681e-11 3.754e-11 3.826e-11 3.898e-11 3.968e-11 4.036e-11 4.101e-11 4.406e-11 4.699e-11 5.279e-11 5.756e-11 6.088e-11 6.307e-11 6.452e-11 6.502e-11 6.549e-11 6.614e-11 6.658e-11 6.661e-11 6.41e-11
44 10 8 7.762e-11 8.385e-11 9.193e-11 9.492e-11 9.422e-11 9.298e-11 9.168e-11 9.047e-11 8.941e-11 8.85e-11 8.774e-11 8.712e-11 8.581e-11 8.686e-11 9.265e-11 9.895e-11 1.038e-10 1.072e-10 1.097e-10 1.104e-10 1.116e-10 1.13e-10 1.141e-10 1.182e-10 1.167e-10
45 10 9 6.414e-11 6.958e-11 7.672e-11 8.373e-11 8.624e-11 8.715e-11 8.749e-11 8.765e-11 8.776e-11 8.787e-11 8.799e-11 8.814e-11 8.925e-11 9.108e-11 9.624e-11 1.009e-10 1.04e-10 1.056e-10 1.063e-10 1.064e-10 1.064e-10 1.061e-10 1.055e-10 9.581e-11 8.682e-11
46 11 1 3.475e-14 3.486e-14 3.658e-14 4.027e-14 4.587e-14 5.305e-14 6.166e-14 7.175e-14 8.332e-14 9.635e-14 1.107e-13 1.264e-13 2.196e-13 3.286e-13 5.542e-13 7.52e-13 9.116e-13 1.039e-12 1.143e-12 1.19e-12 1.229e-12 1.304e-12 1.368e-12 1.787e-12 1.985e-12
47 11 2 1.867e-13 1.858e-13 1.929e-13 2.083e-13 2.327e-13 2.639e-13 3.008e-13 3.435e-13 3.919e-13 4.457e-13 5.045e-13 5.679e-13 9.35e-13 1.35e-12 2.189e-12 2.939e-12 3.59e-12 4.169e-12 4.696e-12 4.903e-12 5.183e-12 5.636e-12 6.058e-12 8.905e-12 1.005e-11
48 11 3 5.683e-13 5.561e-13 5.653e-13 5.87e-13 6.29e-13 6.835e-13 7.463e-13 8.162e-13 8.926e-13 9.748e-13 1.062e-12 1.153e-12 1.649e-12 2.173e-12 3.191e-12 4.066e-12 4.785e-12 5.382e-12 5.891e-12 6.093e-12 6.336e-12 6.732e-12 7.089e-12 9.464e-12 1.054e-11
49 11 4 1.795e-12 1.772e-12 1.811e-12 1.878e-12 2e-12 2.153e-12 2.326e-12 2.515e-12 2.719e-12 2.935e-12 3.161e-12 3.395e-12 4.618e-12 5.844e-12 8.11e-12 1.005e-11 1.171e-11 1.316e-11 1.446e-11 1.505e-11 1.564e-11 1.671e-11 1.767e-11 2.361e-11 2.56e-11
50 11 5 3.697e-12 3.666e-12 3.741e-12 3.771e-12 3.842e-12 3.945e-12 4.062e-12 4.186e-12 4.317e-12 4.453e-12 4.592e-12 4.733e-12 5.449e-12 6.172e-12 7.621e-12 8.991e-12 1.025e-11 1.14e-11 1.246e-11 1.297e-11 1.344e-11 1.434e-11 1.518e-11 2.064e-11 2.289e-11
51 11 6 1.01e-11 1.005e-11 1.029e-11 1.049e-11 1.085e-11 1.128e-11 1.175e-11 1.223e-11 1.273e-11 1.324e-11 1.376e-11 1.429e-11 1.683e-11 1.915e-11 2.314e-11 2.634e-11 2.896e-11 3.116e-11 3.305e-11 3.4e-11 3.47e-11 3.614e-11 3.74e-11 4.4e-11 4.515e-11
52 11 7 1.624e-11 1.67e-11 1.769e-11 1.799e-11 1.785e-11 1.768e-11 1.75e-11 1.734e-11 1.721e-11 1.711e-11 1.704e-11 1.701e-11 1.722e-11 1.795e-11 2.03e-11 2.302e-11 2.565e-11 2.809e-11 3.032e-11 3.131e-11 3.234e-11 3.415e-11 3.579e-11 4.554e-11 4.889e-11
53 11 8 3.781e-11 3.8e-11 3.922e-11 3.983e-11 4.04e-11 4.098e-11 4.152e-11 4.205e-11 4.258e-11 4.312e-11 4.368e-11 4.425e-11 4.703e-11 4.955e-11 5.374e-11 5.693e-11 5.939e-11 6.138e-11 6.303e-11 6.376e-11 6.441e-11 6.558e-11 6.655e-11 6.972e-11 6.762e-11
54 11 9 7.251e-11 7.618e-11 8.384e-11 8.837e-11 8.876e-11 8.819e-11 8.731e-11 8.637e-11 8.552e-11 8.481e-11 8.424e-11 8.382e-11 8.345e-11 8.49e-11 8.995e-11 9.532e-11 1.001e-10 1.042e-10 1.078e-10 1.09e-10 1.109e-10 1.135e-10 1.157e-10 1.249e-10 1.236e-10
55 11 10 7.213e-11 7.611e-11 8.259e-11 8.816e-11 9.022e-11 9.088e-11 9.095e-11 9.081e-11 9.065e-11 9.053e-11 9.048e-11 9.05e-11 9.126e-11 9.252e-11 9.511e-11 9.723e-11 9.889e-11 1.002e-10 1.013e-10 1.017e-10 1.022e-10 1.028e-10 1.033e-10 9.985e-11 9.19e-11
56 12 1 1.56e-14 1.604e-14 1.71e-14 1.913e-14 2.197e-14 2.582e-14 3.073e-14 3.672e-14 4.381e-14 5.204e-14 6.139e-14 7.186e-14 1.392e-13 2.244e-13 4.121e-13 5.925e-13 7.557e-13 9.032e-13 1.039e-12 1.103e-12 1.165e-12 1.285e-12 1.399e-12 2.303e-12 2.801e-12
57 12 2 7.633e-14 7.684e-14 8.006e-14 8.662e-14 9.641e-14 1.097e-13 1.264e-13 1.463e-13 1.694e-13 1.955e-13 2.246e-13 2.565e-13 4.528e-13 6.918e-13 1.208e-12 1.694e-12 2.116e-12 2.474e-12 2.778e-12 2.913e-12 3.039e-12 3.267e-12 3.469e-12 4.827e-12 5.541e-12
58 12 3 2.877e-13 2.885e-13 2.983e-13 3.168e-13 3.451e-13 3.834e-13 4.307e-13 4.858e-13 5.481e-13 6.17e-13 6.918e-13 7.719e-13 1.233e-12 1.749e-12 2.79e-12 3.749e-12 4.615e-12 5.404e-12 6.133e-12 6.478e-12 6.813e-12 7.452e-12 8.056e-12 1.258e-11 1.489e-11
59 12 4 7.422e-13 7.368e-13 7.515e-13 7.751e-13 8.161e-13 8.736e-13 9.439e-13 1.024e-12 1.112e-12 1.205e-12 1.304e-12 1.407e-12 1.957e-12 2.529e-12 3.626e-12 4.6e-12 5.445e-12 6.181e-12 6.832e-12 7.131e-12 7.416e-12 7.949e-12 8.44e-12 1.2e-11 1.386e-11
60 12 5 2.252e-12 2.258e-12 2.315e-12 2.387e-12 2.503e-12 2.661e-12 2.851e-12 3.063e-12 3.293e-12 3.534e-12 3.785e-12 4.041e-12 5.35e-12 6.614e-12 8.882e-12 1.085e-11 1.26e-11 1.418e-11 1.562e-11 1.63e-11 1.695e-11 1.818e-11 1.931e-11 2.697e-11 3.028e-11
61 12 6 4.006e-12 4.043e-12 4.159e-12 4.218e-12 4.276e-12 4.366e-12 4.48e-12 4.61e-12 4.749e-12 4.894e-12 5.041e-12 5.188e-12 5.917e-12 6.624e-12 8.001e-12 9.345e-12 1.064e-11 1.187e-11 1.304e-11 1.36e-11 1.414e-11 1.517e-11 1.614e-11 2.308e-11 2.645e-11
62 12 7 1.157e-11 1.169e-11 1.2e-11 1.218e-11 1.245e-11 1.284e-11 1.33e-11 1.381e-11 1.434e-11 1.488e-11 1.543e-11 1.597e-11 1.853e-11 2.076e-11 2.445e-11 2.747e-11 3.005e-11 3.232e-11 3.433e-11 3.525e-11 3.612e-11 3.773e-11 3.917e-11 4.784e-11 5.055e-11
63 12 8 1.57e-11 1.626e-11 1.72e-11 1.768e-11 1.763e-11 1.748e-11 1.734e-11 1.723e-11 1.715e-11 1.71e-11 1.707e-11 1.707e-11 1.74e-11 1.817e-11 2.043e-11 2.308e-11 2.575e-11 2.829e-11 3.064e-11 3.174e-11 3.28e-11 3.477e-11 3.658e-11 4.847e-11 5.352e-11
64 12 9 4.129e-11 4.212e-11 4.333e-11 4.369e-11 4.393e-11 4.427e-11 4.471e-11 4.521e-11 4.574e-11 4.63e-11 4.686e-11 4.742e-11 4.999e-11 5.214e-11 5.553e-11 5.824e-11 6.056e-11 6.26e-11 6.44e-11 6.522e-11 6.598e-11 6.738e-11 6.86e-11 7.473e-11 7.462e-11
65 12 10 6.658e-11 6.985e-11 7.565e-11 8.02e-11 8.102e-11 8.084e-11 8.042e-11 8e-11 7.967e-11 7.944e-11 7.932e-11 7.929e-11 8.024e-11 8.232e-11 8.775e-11 9.345e-11 9.879e-11 1.036e-10 1.077e-10 1.096e-10 1.114e-10 1.145e-10 1.173e-10 1.315e-10 1.338e-10
66 12 11 7.785e-11 8.289e-11 8.793e-11 9.188e-11 9.319e-11 9.347e-11 9.342e-11 9.331e-11 9.322e-11 9.318e-11 9.318e-11 9.323e-11 9.379e-11 9.452e-11 9.613e-11 9.8e-11 1e-10 1.019e-10 1.036e-10 1.044e-10 1.051e-10 1.063e-10 1.072e-10 1.079e-10 1.021e-10
67 13 1 6.37e-15 6.594e-15 7.068e-15 7.998e-15 9.267e-15 1.1e-14 1.323e-14 1.602e-14 1.94e-14 2.342e-14 2.812e-14 3.353e-14 7.119e-14 1.241e-13 2.545e-13 3.909e-13 5.174e-13 6.291e-13 7.262e-13 7.698e-13 8.105e-13 8.842e-13 9.493e-13 1.362e-12 1.568e-12
68 13 2 3.549e-14 3.621e-14 3.825e-14 4.225e-14 4.779e-14 5.53e-14 6.487e-14 7.655e-14 9.043e-14 1.066e-13 1.251e-13 1.459e-13 2.826e-13 4.619e-13 8.757e-13 1.291e-12 1.675e-12 2.025e-12 2.348e-12 2.5e-12 2.648e-12 2.932e-12 3.202e-12 5.401e-12 6.707e-12
69 13 3 1.194e-13 1.197e-13 1.24e-13 1.326e-13 1.452e-13 1.623e-13 1.837e-13 2.091e-13 2.385e-13 2.716e-13 3.084e-13 3.487e-13 5.965e-13 9.003e-13 1.572e-12 2.227e-12 2.816e-12 3.331e-12 3.779e-12 3.982e-12 4.173e-12 4.521e-12 4.834e-12 6.935e-12 8.021e-12
70 13 4 4.016e-13 4.029e-13 4.165e-13 4.395e-13 4.73e-13 5.184e-13 5.742e-13 6.39e-13 7.119e-13 7.921e-13 8.787e-13 9.71e-13 1.495e-12 2.073e-12 3.235e-12 4.317e-12 5.308e-12 6.223e-12 7.073e-12 7.477e-12 7.869e-12 8.619e-12 9.327e-12 1.465e-11 1.744e-11
71 13 5 9.122e-13 9.114e-13 9.352e-13 9.668e-13 1.012e-12 1.074e-12 1.15e-12 1.237e-12 1.331e-12 1.433e-12 1.539e-12 1.65e-12 2.24e-12 2.846e-12 4.003e-12 5.035e-12 5.944e-12 6.749e-12 7.473e-12 7.81e-12 8.133e-12 8.741e-12 9.306e-12 1.345e-11 1.563e-11
72 13 6 2.714e-12 2.733e-12 2.815e-12 2.903e-12 3.025e-12 3.193e-12 3.395e-12 3.62e-12 3.864e-12 4.12e-12 4.386e-12 4.657e-12 6.033e-12 7.345e-12 9.675e-12 1.169e-11 1.35e-11 1.514e-11 1.666e-11 1.737e-11 1.806e-11 1.935e-11 2.055e-11 2.863e-11 3.212e-11
73 13 7 4.259e-12 4.331e-12 4.5e-12 4.617e-12 4.694e-12 4.788e-12 4.901e-12 5.027e-12 5.162e-12 5.303e-12 5.447e-12 5.593e-12 6.317e-12 7.023e-12 8.399e-12 9.742e-12 1.104e-11 1.229e-11 1.349e-11 1.406e-11 1.462e-11 1.569e-11 1.67e-11 2.406e-11 2.767e-11
74 13 8 1.297e-11 1.317e-11 1.357e-11 1.378e-11 1.404e-11 1.441e-11 1.486e-11 1.535e-11 1.588e-11 1.641e-11 1.696e-11 1.749e-11 2.004e-11 2.226e-11 2.592e-11 2.89e-11 3.146e-11 3.371e-11 3.571e-11 3.663e-11 3.75e-11 3.911e-11 4.056e-11 4.928e-11 5.195e-11
75 13 9 1.514e-11 1.573e-11 1.674e-11 1.748e-11 1.76e-11 1.755e-11 1.746e-11 1.737e-11 1.731e-11 1.726e-11 1.724e-11 1.724e-11 1.759e-11 1.837e-11 2.067e-11 2.334e-11 2.602e-11 2.857e-11 3.094e-11 3.205e-11 3.312e-11 3.512e-11 3.695e-11 4.911e-11 5.435e-11
76 13 10 4.448e-11 4.562e-11 4.716e-11 4.744e-11 4.748e-11 4.77e-11 4.804e-11 4.847e-11 4.893e-11 4.942e-11 4.992e-11 5.041e-11 5.273e-11 5.47e-11 5.782e-11 6.034e-11 6.252e-11 6.444e-11 6.613e-11 6.69e-11 6.763e-11 6.895e-11 7.011e-11 7.59e-11 7.56e-11
77 13 11 6.113e-11 6.433e-11 6.985e-11 7.5e-11 7.651e-11 7.681e-11 7.674e-11 7.66e-11 7.65e-11 7.647e-11 7.652e-11 7.664e-11 7.817e-11 8.064e-11 8.654e-11 9.25e-11 9.799e-11 1.029e-10 1.071e-10 1.09e-10 1.108e-10 1.14e-10 1.168e-10 1.314e-10 1.339e-10
78 13 12 8.4e-11 9.013e-11 9.582e-11 9.859e-11 9.897e-11 9.877e-11 9.845e-11 9.814e-11 9.79e-11 9.771e-11 9.757e-11 9.748e-11 9.742e-11 9.768e-11 9.865e-11 1.001e-10 1.018e-10 1.035e-10 1.05e-10 1.057e-10 1.063e-10 1.074e-10 1.082e-10 1.084e-10 1.024e-10
79 14 1 2.784e-15 3.082e-15 3.294e-15 3.819e-15 5.009e-15 6.648e-15 8.609e-15 1.094e-14 1.369e-14 1.69e-14 2.059e-14 2.478e-14 5.356e-14 9.64e-14 2.11e-13 3.284e-13 4.296e-13 5.148e-13 5.886e-13 5.141e-13 6.55e-13 7.166e-13 7.749e-13 1.258e-12 1.555e-12
80 14 2 1.482e-14 1.6e-14 1.674e-14 1.865e-14 2.319e-14 2.932e-14 3.646e-14 4.474e-14 5.436e-14 6.541e-14 7.794e-14 9.198e-14 1.858e-13 3.214e-13 6.785e-13 1.042e-12 1.354e-12 1.612e-12 1.829e-12 1.911e-12 2.014e-12 2.176e-12 2.318e-12 3.222e-12 3.656e-12
81 14 3 5.831e-14 6.207e-14 6.398e-14 6.903e-14 8.185e-14 9.874e-14 1.177e-13 1.389e-13 1.629e-13 1.898e-13 2.196e-13 2.522e-13 4.56e-13 7.23e-13 1.367e-12 1.992e-12 2.525e-12 2.978e-12 3.377e-12 3.561e-12 3.741e-12 4.08e-12 4.401e-12 6.941e-12 8.385e-12
82 14 4 1.7e-13 1.788e-13 1.819e-13 1.904e-13 2.157e-13 2.487e-13 2.843e-13 3.228e-13 3.648e-13 4.109e-13 4.61e-13 5.148e-13 8.341e-13 1.228e-12 2.135e-12 2.983e-12 3.677e-12 4.236e-12 4.698e-12 4.902e-12 5.092e-12 5.438e-12 5.748e-12 7.835e-12 8.909e-12
83 14 5 5.315e-13 5.604e-13 5.692e-13 5.881e-13 6.518e-13 7.332e-13 8.179e-13 9.06e-13 9.998e-13 1.1e-12 1.206e-12 1.318e-12 1.942e-12 2.639e-12 4.096e-12 5.395e-12 6.475e-12 7.396e-12 8.216e-12 8.59e-12 8.969e-12 9.671e-12 1.033e-11 1.513e-11 1.747e-11
84 14 6 1.092e-12 1.152e-12 1.167e-12 1.183e-12 1.267e-12 1.374e-12 1.479e-12 1.582e-12 1.689e-12 1.799e-12 1.915e-12 2.034e-12 2.675e-12 3.364e-12 4.769e-12 5.987e-12 6.952e-12 7.727e-12 8.38e-12 8.622e-12 8.954e-12 9.476e-12 9.96e-12 1.354e-11 1.547e-11
85 14 7 3.213e-12 3.41e-12 3.458e-12 3.491e-12 3.717e-12 4.005e-12 4.282e-12 4.547e-12 4.811e-12 5.079e-12 5.353e-12 5.632e-12 7.068e-12 8.515e-12 1.129e-11 1.362e-11 1.548e-11 1.699e-11 1.83e-11 1.888e-11 1.945e-11 2.05e-11 2.146e-11 2.772e-11 3.018e-11
86 14 8 4.548e-12 4.891e-12 5.014e-12 5.047e-12 5.218e-12 5.414e-12 5.572e-12 5.7e-12 5.815e-12 5.927e-12 6.042e-12 6.16e-12 6.809e-12 7.557e-12 9.244e-12 1.084e-11 1.219e-11 1.335e-11 1.438e-11 1.485e-11 1.533e-11 1.622e-11 1.706e-11 2.32e-11 2.634e-11
87 14 9 1.443e-11 1.546e-11 1.571e-11 1.561e-11 1.617e-11 1.692e-11 1.758e-11 1.813e-11 1.864e-11 1.912e-11 1.959e-11 2.005e-11 2.235e-11 2.46e-11 2.891e-11 3.245e-11 3.508e-11 3.703e-11 3.854e-11 3.913e-11 3.977e-11 4.08e-11 4.168e-11 4.623e-11 4.704e-11
88 14 10 1.48e-11 1.625e-11 1.703e-11 1.742e-11 1.777e-11 1.798e-11 1.801e-11 1.791e-11 1.777e-11 1.764e-11 1.752e-11 1.744e-11 1.758e-11 1.85e-11 2.168e-11 2.51e-11 2.803e-11 3.046e-11 3.252e-11 3.343e-11 3.432e-11 3.592e-11 3.736e-11 4.678e-11 5.091e-11
89 14 11 4.766e-11 5.177e-11 5.288e-11 5.2e-11 5.276e-11 5.396e-11 5.483e-11 5.535e-11 5.567e-11 5.59e-11 5.609e-11 5.628e-11 5.742e-11 5.894e-11 6.267e-11 6.595e-11 6.816e-11 6.951e-11 7.032e-11 7.05e-11 7.078e-11 7.103e-11 7.112e-11 6.928e-11 6.614e-11
90 14 12 5.686e-11 6.346e-11 6.784e-11 7.12e-11 7.35e-11 7.471e-11 7.492e-11 7.456e-11 7.4e-11 7.345e-11 7.3e-11 7.27e-11 7.319e-11 7.616e-11 8.533e-11 9.415e-11 1.008e-10 1.055e-10 1.089e-10 1.103e-10 1.113e-10 1.132e-10 1.147e-10 1.205e-10 1.204e-10
91 14 13 9.077e-11 1.037e-10 1.087e-10 1.079e-10 1.085e-10 1.093e-10 1.092e-10 1.084e-10 1.073e-10 1.062e-10 1.051e-10 1.041e-10 1.01e-10 1.002e-10 1.021e-10 1.049e-10 1.066e-10 1.074e-10 1.074e-10 1.072e-10 1.07e-10 1.063e-10 1.055e-10 9.461e-11 8.563e-11
92 15 1 1.147e-15 1.238e-15 1.373e-15 1.682e-15 2.366e-15 3.288e-15 4.356e-15 5.598e-15 7.056e-15 8.766e-15 1.075e-14 1.304e-14 2.983e-14 5.74e-14 1.383e-13 2.272e-13 3.086e-13 3.804e-13 4.441e-13 4.732e-13 5.013e-13 5.529e-13 5.998e-13 9.068e-13 1.053e-12
93 15 2 6.581e-15 6.943e-15 7.545e-15 8.864e-15 1.173e-14 1.552e-14 1.983e-14 2.474e-14 3.04e-14 3.693e-14 4.438e-14 5.283e-14 1.117e-13 2.022e-13 4.527e-13 7.178e-13 9.536e-13 1.159e-12 1.341e-12 1.42e-12 1.508e-12 1.664e-12 1.812e-12 3.042e-12 3.827e-12
94 15 3 2.452e-14 2.532e-14 2.694e-14 3.026e-14 3.741e-14 4.668e-14 5.694e-14 6.833e-14 8.116e-14 9.566e-14 1.119e-13 1.3e-13 2.498e-13 4.23e-13 8.825e-13 1.358e-12 1.776e-12 2.135e-12 2.446e-12 2.571e-12 2.721e-12 2.967e-12 3.189e-12 4.654e-12 5.367e-12
95 15 4 8.485e-14 8.69e-14 9.154e-14 1.001e-13 1.182e-13 1.414e-13 1.662e-13 1.929e-13 2.221e-13 2.544e-13 2.897e-13 3.28e-13 5.633e-13 8.667e-13 1.592e-12 2.298e-12 2.909e-12 3.438e-12 3.913e-12 4.124e-12 4.352e-12 4.766e-12 5.159e-12 8.291e-12 1.01e-11
96 15 5 2.226e-13 2.264e-13 2.364e-13 2.517e-13 2.846e-13 3.259e-13 3.689e-13 4.14e-13 4.623e-13 5.145e-13 5.706e-13 6.306e-13 9.822e-13 1.41e-12 2.384e-12 3.292e-12 4.04e-12 4.651e-12 5.164e-12 5.381e-12 5.61e-12 6.007e-12 6.367e-12 8.861e-12 1.016e-11
97 15 6 6.566e-13 6.702e-13 6.997e-13 7.374e-13 8.172e-13 9.157e-13 1.015e-12 1.116e-12 1.221e-12 1.332e-12 1.448e-12 1.57e-12 2.238e-12 2.975e-12 4.496e-12 5.844e-12 6.968e-12 7.935e-12 8.806e-12 9.217e-12 9.614e-12 1.037e-11 1.109e-11 1.642e-11 1.907e-11
98 15 7 1.245e-12 1.275e-12 1.332e-12 1.382e-12 1.479e-12 1.597e-12 1.711e-12 1.822e-12 1.934e-12 2.05e-12 2.171e-12 2.295e-12 2.96e-12 3.671e-12 5.111e-12 6.352e-12 7.332e-12 8.119e-12 8.785e-12 9.091e-12 9.375e-12 9.915e-12 1.042e-11 1.421e-11 1.629e-11
99 15 8 3.615e-12 3.718e-12 3.888e-12 4.018e-12 4.285e-12 4.609e-12 4.915e-12 5.202e-12 5.482e-12 5.764e-12 6.05e-12 6.339e-12 7.812e-12 9.284e-12 1.21e-11 1.445e-11 1.632e-11 1.786e-11 1.919e-11 1.973e-11 2.038e-11 2.147e-11 2.247e-11 2.916e-11 3.19e-11
100 15 9 4.721e-12 4.922e-12 5.215e-12 5.376e-12 5.559e-12 5.75e-12 5.902e-12 6.023e-12 6.132e-12 6.239e-12 6.349e-12 6.464e-12 7.107e-12 7.856e-12 9.55e-12 1.114e-11 1.249e-11 1.365e-11 1.468e-11 1.51e-11 1.563e-11 1.651e-11 1.735e-11 2.358e-11 2.682e-11
101 15 10 1.535e-11 1.595e-11 1.677e-11 1.709e-11 1.775e-11 1.857e-11 1.928e-11 1.986e-11 2.038e-11 2.087e-11 2.135e-11 2.181e-11 2.408e-11 2.63e-11 3.055e-11 3.406e-11 3.665e-11 3.858e-11 4.008e-11 4.062e-11 4.129e-11 4.232e-11 4.32e-11 4.798e-11 4.898e-11
102 15 11 1.424e-11 1.515e-11 1.641e-11 1.714e-11 1.746e-11 1.761e-11 1.757e-11 1.744e-11 1.728e-11 1.713e-11 1.701e-11 1.694e-11 1.712e-11 1.81e-11 2.139e-11 2.489e-11 2.788e-11 3.035e-11 3.244e-11 3.319e-11 3.426e-11 3.588e-11 3.734e-11 4.693e-11 5.123e-11
103 15 12 4.912e-11 5.184e-11 5.502e-11 5.556e-11 5.652e-11 5.783e-11 5.877e-11 5.932e-11 5.964e-11 5.984e-11 6.001e-11 6.016e-11 6.108e-11 6.241e-11 6.587e-11 6.895e-11 7.1e-11 7.221e-11 7.29e-11 7.311e-11 7.326e-11 7.342e-11 7.344e-11 7.132e-11 6.818e-11
104 15 13 5.214e-11 5.665e-11 6.303e-11 6.74e-11 6.935e-11 7.019e-11 7.018e-11 6.974e-11 6.92e-11 6.872e-11 6.838e-11 6.819e-11 6.933e-11 7.284e-11 8.277e-11 9.207e-11 9.904e-11 1.04e-10 1.075e-10 1.087e-10 1.102e-10 1.122e-10 1.138e-10 1.203e-10 1.207e-10
105 15 14 9.491e-11 1.055e-10 1.157e-10 1.174e-10 1.177e-10 1.179e-10 1.174e-10 1.163e-10 1.149e-10 1.135e-10 1.121e-10 1.108e-10 1.067e-10 1.051e-10 1.061e-10 1.082e-10 1.096e-10 1.101e-10 1.099e-10 1.096e-10 1.094e-10 1.085e-10 1.076e-10 9.625e-11 8.716e-11
106 16 1 4.813e-16 5.214e-16 5.85e-16 7.226e-16 1e-15 1.441e-15 2.019e-15 2.725e-15 3.562e-15 4.54e-15 5.674e-15 6.979e-15 1.646e-14 3.136e-14 7.549e-14 1.312e-13 1.906e-13 2.49e-13 3.045e-13 3.31e-13 3.565e-13 4.048e-13 4.5e-13 7.939e-13 1.007e-12
107 16 2 2.73e-15 2.881e-15 3.155e-15 3.735e-15 4.846e-15 6.566e-15 8.799e-15 1.149e-14 1.464e-14 1.828e-14 2.245e-14 2.718e-14 6.04e-14 1.108e-13 2.57e-13 4.413e-13 6.391e-13 8.346e-13 1.02e-12 1.108e-12 1.192e-12 1.35e-12 1.494e-12 2.418e-12 2.83e-12
108 16 3 1.107e-14 1.145e-14 1.23e-14 1.403e-14 1.713e-14 2.18e-14 2.775e-14 3.478e-14 4.285e-14 5.197e-14 6.218e-14 7.351e-14 1.478e-13 2.502e-13 5.172e-13 8.257e-13 1.141e-12 1.445e-12 1.733e-12 1.87e-12 2.003e-12 2.255e-12 2.493e-12 4.315e-12 5.407e-12
109 16 4 3.593e-14 3.666e-14 3.876e-14 4.286e-14 4.978e-14 5.992e-14 7.265e-14 8.749e-14 1.043e-13 1.229e-13 1.433e-13 1.657e-13 3.042e-13 4.831e-13 9.224e-13 1.409e-12 1.893e-12 2.35e-12 2.772e-12 2.968e-12 3.155e-12 3.503e-12 3.818e-12 5.845e-12 6.775e-12
110 16 5 1.134e-13 1.152e-13 1.21e-13 1.315e-13 1.48e-13 1.715e-13 2.005e-13 2.337e-13 2.705e-13 3.104e-13 3.534e-13 3.991e-13 6.633e-13 9.697e-13 1.636e-12 2.308e-12 2.953e-12 3.563e-12 4.138e-12 4.414e-12 4.681e-12 5.193e-12 5.677e-12 9.35e-12 1.136e-11
111 16 6 2.74e-13 2.775e-13 2.899e-13 3.092e-13 3.368e-13 3.754e-13 4.225e-13 4.76e-13 5.346e-13 5.974e-13 6.64e-13 7.339e-13 1.121e-12 1.546e-12 2.42e-12 3.249e-12 4e-12 4.673e-12 5.274e-12 5.551e-12 5.814e-12 6.301e-12 6.745e-12 9.729e-12 1.119e-11
112 16 7 7.717e-13 7.841e-13 8.195e-13 8.679e-13 9.322e-13 1.02e-12 1.125e-12 1.242e-12 1.368e-12 1.5e-12 1.637e-12 1.778e-12 2.507e-12 3.235e-12 4.593e-12 5.817e-12 6.941e-12 7.991e-12 8.979e-12 9.451e-12 9.909e-12 1.078e-11 1.161e-11 1.747e-11 2.027e-11
113 16 8 1.372e-12 1.401e-12 1.468e-12 1.539e-12 1.611e-12 1.705e-12 1.816e-12 1.94e-12 2.072e-12 2.21e-12 2.351e-12 2.495e-12 3.22e-12 3.916e-12 5.164e-12 6.23e-12 7.153e-12 7.97e-12 8.705e-12 9.048e-12 9.377e-12 9.998e-12 1.058e-11 1.478e-11 1.696e-11
114 16 9 3.93e-12 4.024e-12 4.217e-12 4.402e-12 4.592e-12 4.843e-12 5.138e-12 5.459e-12 5.793e-12 6.134e-12 6.476e-12 6.815e-12 8.429e-12 9.863e-12 1.228e-11 1.433e-11 1.615e-11 1.782e-11 1.934e-11 2.005e-11 2.073e-11 2.201e-11 2.317e-11 3.055e-11 3.338e-11
115 16 10 4.82e-12 5e-12 5.308e-12 5.547e-12 5.66e-12 5.765e-12 5.884e-12 6.017e-12 6.159e-12 6.307e-12 6.458e-12 6.61e-12 7.36e-12 8.077e-12 9.452e-12 1.078e-11 1.206e-11 1.328e-11 1.442e-11 1.496e-11 1.549e-11 1.649e-11 1.741e-11 2.397e-11 2.719e-11
116 16 11 1.59e-11 1.644e-11 1.733e-11 1.789e-11 1.827e-11 1.877e-11 1.937e-11 2.002e-11 2.068e-11 2.132e-11 2.196e-11 2.257e-11 2.525e-11 2.742e-11 3.083e-11 3.359e-11 3.596e-11 3.802e-11 3.981e-11 4.061e-11 4.136e-11 4.27e-11 4.386e-11 4.979e-11 5.089e-11
117 16 12 1.361e-11 1.436e-11 1.555e-11 1.645e-11 1.662e-11 1.655e-11 1.642e-11 1.63e-11 1.622e-11 1.616e-11 1.615e-11 1.616e-11 1.665e-11 1.761e-11 2.023e-11 2.314e-11 2.598e-11 2.861e-11 3.099e-11 3.208e-11 3.311e-11 3.501e-11 3.671e-11 4.713e-11 5.142e-11
118 16 13 4.96e-11 5.21e-11 5.545e-11 5.675e-11 5.693e-11 5.729e-11 5.783e-11 5.844e-11 5.907e-11 5.967e-11 6.024e-11 6.077e-11 6.287e-11 6.434e-11 6.649e-11 6.821e-11 6.97e-11 7.096e-11 7.199e-11 7.241e-11 7.278e-11 7.336e-11 7.377e-11 7.329e-11 7.027e-11
119 16 14 4.755e-11 5.134e-11 5.707e-11 6.169e-11 6.292e-11 6.297e-11 6.27e-11 6.243e-11 6.229e-11 6.229e-11 6.244e-11 6.272e-11 6.546e-11 6.932e-11 7.757e-11 8.51e-11 9.152e-11 9.686e-11 1.012e-10 1.031e-10 1.048e-10 1.078e-10 1.102e-10 1.202e-10 1.211e-10
120 16 15 9.798e-11 1.08e-10 1.186e-10 1.213e-10 1.198e-10 1.181e-10 1.166e-10 1.154e-10 1.143e-10 1.134e-10 1.126e-10 1.119e-10 1.094e-10 1.08e-10 1.069e-10 1.07e-10 1.075e-10 1.081e-10 1.084e-10 1.085e-10 1.085e-10 1.083e-10 1.078e-10 9.811e-11 8.868e-11
121 17 1 2.002e-16 2.192e-16 2.481e-16 3.124e-16 4.481e-16 6.672e-16 9.59e-16 1.319e-15 1.752e-15 2.264e-15 2.866e-15 3.57e-15 8.948e-15 1.81e-14 4.845e-14 9.14e-14 1.411e-13 1.93e-13 2.44e-13 2.688e-13 2.928e-13 3.385e-13 3.81e-13 6.649e-13 7.957e-13
122 17 2 1.177e-15 1.257e-15 1.389e-15 1.679e-15 2.254e-15 3.16e-15 4.349e-15 5.798e-15 7.512e-15 9.513e-15 1.183e-14 1.449e-14 3.39e-14 6.493e-14 1.605e-13 2.876e-13 4.29e-13 5.727e-13 7.123e-13 7.795e-13 8.448e-13 9.693e-13 1.086e-12 1.964e-12 2.498e-12
123 17 3 4.723e-15 4.925e-15 5.324e-15 6.164e-15 7.714e-15 1.008e-14 1.314e-14 1.681e-14 2.108e-14 2.598e-14 3.156e-14 3.785e-14 8.131e-14 1.463e-13 3.353e-13 5.775e-13 8.426e-13 1.11e-12 1.367e-12 1.49e-12 1.61e-12 1.835e-12 2.042e-12 3.417e-12 4.052e-12
124 17 4 1.679e-14 1.727e-14 1.84e-14 2.07e-14 2.466e-14 3.054e-14 3.798e-14 4.675e-14 5.677e-14 6.802e-14 8.052e-14 9.431e-14 1.828e-13 3.021e-13 6.084e-13 9.615e-13 1.325e-12 1.681e-12 2.021e-12 2.184e-12 2.343e-12 2.647e-12 2.934e-12 5.149e-12 6.467e-12
125 17 5 4.935e-14 5.031e-14 5.303e-14 5.821e-14 6.654e-14 7.854e-14 9.353e-14 1.11e-13 1.307e-13 1.525e-13 1.763e-13 2.022e-13 3.605e-13 5.608e-13 1.043e-12 1.57e-12 2.094e-12 2.589e-12 3.049e-12 3.264e-12 3.47e-12 3.854e-12 4.205e-12 6.519e-12 7.613e-12
126 17 6 1.45e-13 1.475e-13 1.548e-13 1.677e-13 1.869e-13 2.137e-13 2.467e-13 2.844e-13 3.261e-13 3.714e-13 4.198e-13 4.712e-13 7.64e-13 1.097e-12 1.807e-12 2.511e-12 3.183e-12 3.818e-12 4.418e-12 4.707e-12 4.987e-12 5.527e-12 6.04e-12 9.986e-12 1.217e-11
127 17 7 3.284e-13 3.34e-13 3.495e-13 3.729e-13 4.039e-13 4.461e-13 4.974e-13 5.556e-13 6.195e-13 6.881e-13 7.607e-13 8.368e-13 1.255e-12 1.709e-12 2.628e-12 3.487e-12 4.257e-12 4.944e-12 5.557e-12 5.839e-12 6.108e-12 6.607e-12 7.064e-12 1.02e-11 1.177e-11
128 17 8 8.884e-13 9.058e-13 9.486e-13 1.007e-12 1.078e-12 1.173e-12 1.286e-12 1.412e-12 1.547e-12 1.689e-12 1.836e-12 1.987e-12 2.761e-12 3.524e-12 4.924e-12 6.167e-12 7.3e-12 8.353e-12 9.343e-12 9.817e-12 1.028e-11 1.116e-11 1.199e-11 1.797e-11 2.086e-11
129 17 9 1.504e-12 1.542e-12 1.621e-12 1.706e-12 1.786e-12 1.884e-12 1.999e-12 2.127e-12 2.265e-12 2.409e-12 2.556e-12 2.706e-12 3.461e-12 4.182e-12 5.461e-12 6.542e-12 7.468e-12 8.282e-12 9.013e-12 9.353e-12 9.68e-12 1.03e-11 1.087e-11 1.512e-11 1.738e-11
130 17 10 4.229e-12 4.345e-12 4.567e-12 4.788e-12 5e-12 5.266e-12 5.574e-12 5.91e-12 6.259e-12 6.615e-12 6.972e-12 7.327e-12 9.002e-12 1.048e-11 1.293e-11 1.498e-11 1.679e-11 1.843e-11 1.992e-11 2.062e-11 2.129e-11 2.254e-11 2.368e-11 3.095e-11 3.376e-11
131 17 11 4.956e-12 5.156e-12 5.483e-12 5.749e-12 5.879e-12 5.991e-12 6.111e-12 6.243e-12 6.385e-12 6.533e-12 6.684e-12 6.837e-12 7.592e-12 8.316e-12 9.698e-12 1.103e-11 1.23e-11 1.35e-11 1.464e-11 1.517e-11 1.569e-11 1.668e-11 1.76e-11 2.414e-11 2.742e-11
132 17 12 1.639e-11 1.701e-11 1.798e-11 1.866e-11 1.911e-11 1.965e-11 2.028e-11 2.095e-11 2.163e-11 2.231e-11 2.297e-11 2.36e-11 2.639e-11 2.863e-11 3.209e-11 3.483e-11 3.715e-11 3.914e-11 4.085e-11 4.162e-11 4.233e-11 4.36e-11 4.469e-11 5.02e-11 5.115e-11
133 17 13 1.319e-11 1.395e-11 1.51e-11 1.598e-11 1.618e-11 1.615e-11 1.604e-11 1.593e-11 1.584e-11 1.579e-11 1.578e-11 1.58e-11 1.63e-11 1.728e-11 1.994e-11 2.287e-11 2.572e-11 2.834e-11 3.071e-11 3.18e-11 3.282e-11 3.471e-11 3.639e-11 4.674e-11 5.104e-11
134 17 14 5.008e-11 5.281e-11 5.641e-11 5.805e-11 5.838e-11 5.88e-11 5.938e-11 6.003e-11 6.07e-11 6.135e-11 6.196e-11 6.253e-11 6.479e-11 6.636e-11 6.853e-11 7.021e-11 7.163e-11 7.28e-11 7.374e-11 7.412e-11 7.444e-11 7.494e-11 7.526e-11 7.419e-11 7.089e-11
135 17 15 4.398e-11 4.766e-11 5.297e-11 5.73e-11 5.866e-11 5.889e-11 5.878e-11 5.863e-11 5.859e-11 5.869e-11 5.892e-11 5.928e-11 6.238e-11 6.654e-11 7.525e-11 8.305e-11 8.962e-11 9.504e-11 9.946e-11 1.014e-10 1.031e-10 1.06e-10 1.084e-10 1.183e-10 1.191e-10
136 17 16 1.015e-10 1.122e-10 1.234e-10 1.266e-10 1.25e-10 1.23e-10 1.213e-10 1.199e-10 1.188e-10 1.177e-10 1.169e-10 1.161e-10 1.133e-10 1.116e-10 1.101e-10 1.099e-10 1.102e-10 1.105e-10 1.107e-10 1.107e-10 1.106e-10 1.103e-10 1.097e-10 9.948e-11 8.997e-11
137 18 1 8.349e-17 9.238e-17 1.052e-16 1.359e-16 2.036e-16 3.141e-16 4.622e-16 6.467e-16 8.703e-16 1.138e-15 1.458e-15 1.836e-15 4.852e-15 1.03e-14 2.98e-14 5.929e-14 9.497e-14 1.333e-13 1.719e-13 1.908e-13 2.093e-13 2.448e-13 2.783e-13 5.252e-13 6.704e-13
138 18 2 4.953e-16 5.328e-16 5.918e-16 7.289e-16 1.012e-15 1.463e-15 2.06e-15 2.794e-15 3.675e-15 4.717e-15 5.944e-15 7.377e-15 1.839e-14 3.744e-14 1.03e-13 2e-13 3.165e-13 4.417e-13 5.68e-13 6.301e-13 6.909e-13 8.081e-13 9.186e-13 1.689e-12 2.06e-12
139 18 3 2.075e-15 2.18e-15 2.368e-15 2.794e-15 3.61e-15 4.865e-15 6.495e-15 8.467e-15 1.079e-14 1.348e-14 1.659e-14 2.014e-14 4.567e-14 8.596e-14 2.103e-13 3.783e-13 5.691e-13 7.672e-13 9.63e-13 1.058e-12 1.152e-12 1.331e-12 1.5e-12 2.782e-12 3.546e-12
140 18 4 7.283e-15 7.524e-15 8.034e-15 9.166e-15 1.117e-14 1.417e-14 1.799e-14 2.255e-14 2.784e-14 3.389e-14 4.074e-14 4.843e-14 1.008e-13 1.775e-13 3.97e-13 6.767e-13 9.84e-13 1.296e-12 1.6e-12 1.747e-12 1.889e-12 2.161e-12 2.413e-12 4.146e-12 4.975e-12
141 18 5 2.352e-14 2.407e-14 2.542e-14 2.836e-14 3.323e-14 4.025e-14 4.904e-14 5.937e-14 7.112e-14 8.43e-14 9.891e-14 1.15e-13 2.168e-13 3.516e-13 6.907e-13 1.076e-12 1.473e-12 1.861e-12 2.235e-12 2.416e-12 2.592e-12 2.931e-12 3.254e-12 5.782e-12 7.282e-12
142 18 6 6.406e-14 6.518e-14 6.833e-14 7.471e-14 8.45e-14 9.823e-14 1.152e-13 1.349e-13 1.572e-13 1.818e-13 2.087e-13 2.378e-13 4.151e-13 6.363e-13 1.16e-12 1.722e-12 2.276e-12 2.798e-12 3.283e-12 3.51e-12 3.728e-12 4.137e-12 4.512e-12 7.046e-12 8.277e-12
143 18 7 1.775e-13 1.803e-13 1.884e-13 2.039e-13 2.259e-13 2.557e-13 2.917e-13 3.329e-13 3.784e-13 4.277e-13 4.806e-13 5.366e-13 8.547e-13 1.213e-12 1.965e-12 2.701e-12 3.396e-12 4.053e-12 4.674e-12 4.973e-12 5.264e-12 5.826e-12 6.363e-12 1.055e-11 1.287e-11
144 18 8 3.818e-13 3.884e-13 4.052e-13 4.329e-13 4.679e-13 5.135e-13 5.68e-13 6.299e-13 6.979e-13 7.71e-13 8.485e-13 9.299e-13 1.378e-12 1.862e-12 2.831e-12 3.723e-12 4.514e-12 5.212e-12 5.833e-12 6.119e-12 6.391e-12 6.896e-12 7.358e-12 1.058e-11 1.223e-11
145 18 9 9.949e-13 1.014e-12 1.058e-12 1.126e-12 1.206e-12 1.307e-12 1.426e-12 1.557e-12 1.697e-12 1.845e-12 1.999e-12 2.156e-12 2.966e-12 3.761e-12 5.209e-12 6.481e-12 7.635e-12 8.705e-12 9.71e-12 1.019e-11 1.066e-11 1.155e-11 1.24e-11 1.855e-11 2.155e-11
146 18 10 1.623e-12 1.664e-12 1.742e-12 1.839e-12 1.93e-12 2.034e-12 2.153e-12 2.285e-12 2.426e-12 2.574e-12 2.726e-12 2.882e-12 3.669e-12 4.421e-12 5.747e-12 6.852e-12 7.787e-12 8.6e-12 9.326e-12 9.663e-12 9.985e-12 1.059e-11 1.116e-11 1.537e-11 1.764e-11
147 18 11 4.463e-12 4.579e-12 4.789e-12 5.044e-12 5.286e-12 5.567e-12 5.885e-12 6.226e-12 6.581e-12 6.942e-12 7.306e-12 7.668e-12 9.384e-12 1.089e-11 1.34e-11 1.548e-11 1.732e-11 1.898e-11 2.049e-11 2.119e-11 2.187e-11 2.313e-11 2.427e-11 3.16e-11 3.445e-11
148 18 12 5.074e-12 5.262e-12 5.551e-12 5.836e-12 5.996e-12 6.125e-12 6.253e-12 6.389e-12 6.534e-12 6.683e-12 6.837e-12 6.993e-12 7.769e-12 8.516e-12 9.935e-12 1.128e-11 1.256e-11 1.376e-11 1.488e-11 1.541e-11 1.592e-11 1.689e-11 1.78e-11 2.425e-11 2.751e-11
149 18 13 1.666e-11 1.723e-11 1.808e-11 1.887e-11 1.943e-11 2.004e-11 2.07e-11 2.14e-11 2.21e-11 2.279e-11 2.346e-11 2.411e-11 2.699e-11 2.93e-11 3.288e-11 3.568e-11 3.803e-11 4.004e-11 4.176e-11 4.252e-11 4.323e-11 4.449e-11 4.557e-11 5.09e-11 5.176e-11
150 18 14 1.283e-11 1.348e-11 1.44e-11 1.525e-11 1.555e-11 1.558e-11 1.552e-11 1.544e-11 1.538e-11 1.534e-11 1.533e-11 1.536e-11 1.589e-11 1.69e-11 1.962e-11 2.261e-11 2.55e-11 2.815e-11 3.055e-11 3.164e-11 3.268e-11 3.458e-11 3.627e-11 4.671e-11 5.107e-11
151 18 15 5.008e-11 5.253e-11 5.549e-11 5.741e-11 5.814e-11 5.882e-11 5.956e-11 6.034e-11 6.111e-11 6.184e-11 6.253e-11 6.318e-11 6.575e-11 6.753e-11 6.996e-11 7.174e-11 7.318e-11 7.434e-11 7.523e-11 7.559e-11 7.588e-11 7.631e-11 7.657e-11 7.488e-11 7.123e-11
152 18 16 4.086e-11 4.385e-11 4.78e-11 5.186e-11 5.367e-11 5.435e-11 5.456e-11 5.466e-11 5.48e-11 5.504e-11 5.539e-11 5.584e-11 5.93e-11 6.374e-11 7.287e-11 8.098e-11 8.779e-11 9.339e-11 9.796e-11 9.991e-11 1.017e-10 1.047e-10 1.072e-10 1.175e-10 1.185e-10
153 18 17 1.046e-10 1.141e-10 1.23e-10 1.265e-10 1.257e-10 1.243e-10 1.23e-10 1.219e-10 1.21e-10 1.201e-10 1.194e-10 1.187e-10 1.162e-10 1.146e-10 1.13e-10 1.127e-10 1.129e-10 1.132e-10 1.134e-10 1.134e-10 1.133e-10 1.129e-10 1.123e-10 1.021e-10 9.275e-11
154 19 1 3.484e-17 3.898e-17 4.474e-17 5.908e-17 9.254e-17 1.48e-16 2.229e-16 3.167e-16 4.313e-16 5.701e-16 7.373e-16 9.374e-16 2.608e-15 5.85e-15 1.873e-14 4.031e-14 6.847e-14 1.005e-13 1.342e-13 1.512e-13 1.68e-13 2.011e-13 2.329e-13 4.659e-13 5.822e-13
155 19 2 2.105e-16 2.289e-16 2.564e-16 3.226e-16 4.668e-16 6.999e-16 1.01e-15 1.394e-15 1.858e-15 2.411e-15 3.068e-15 3.844e-15 1.003e-14 2.133e-14 6.319e-14 1.295e-13 2.131e-13 3.059e-13 4.018e-13 4.496e-13 4.968e-13 5.887e-13 6.763e-13 1.33e-12 1.704e-12
156 19 3 8.909e-16 9.441e-16 1.032e-15 1.238e-15 1.651e-15 2.295e-15 3.139e-15 4.168e-15 5.39e-15 6.826e-15 8.501e-15 1.044e-14 2.509e-14 4.998e-14 1.352e-13 2.626e-13 4.183e-13 5.887e-13 7.635e-13 8.505e-13 9.364e-13 1.104e-12 1.263e-12 2.416e-12 2.987e-12
157 19 4 3.275e-15 3.41e-15 3.664e-15 4.248e-15 5.334e-15 6.975e-15 9.084e-15 1.161e-14 1.457e-14 1.797e-14 2.186e-14 2.628e-14 5.735e-14 1.052e-13 2.499e-13 4.441e-13 6.656e-13 8.977e-13 1.13e-12 1.244e-12 1.356e-12 1.573e-12 1.78e-12 3.372e-12 4.316e-12
158 19 5 1.043e-14 1.074e-14 1.139e-14 1.286e-14 1.539e-14 1.909e-14 2.376e-14 2.931e-14 3.57e-14 4.296e-14 5.114e-14 6.027e-14 1.214e-13 2.091e-13 4.546e-13 7.627e-13 1.1e-12 1.443e-12 1.778e-12 1.941e-12 2.099e-12 2.403e-12 2.688e-12 4.693e-12 5.679e-12
159 19 6 3.124e-14 3.193e-14 3.361e-14 3.724e-14 4.313e-14 5.146e-14 6.181e-14 7.388e-14 8.757e-14 1.028e-13 1.196e-13 1.381e-13 2.532e-13 4.026e-13 7.713e-13 1.184e-12 1.603e-12 2.014e-12 2.409e-12 2.601e-12 2.788e-12 3.149e-12 3.494e-12 6.245e-12 7.895e-12
160 19 7 8.008e-14 8.158e-14 8.543e-14 9.314e-14 1.046e-13 1.204e-13 1.396e-13 1.619e-13 1.869e-13 2.145e-13 2.446e-13 2.771e-13 4.728e-13 7.139e-13 1.276e-12 1.871e-12 2.452e-12 2.998e-12 3.502e-12 3.74e-12 3.967e-12 4.394e-12 4.788e-12 7.497e-12 8.841e-12
161 19 8 2.108e-13 2.146e-13 2.243e-13 2.424e-13 2.676e-13 3.01e-13 3.41e-13 3.864e-13 4.365e-13 4.906e-13 5.483e-13 6.094e-13 9.527e-13 1.335e-12 2.125e-12 2.886e-12 3.6e-12 4.269e-12 4.9e-12 5.204e-12 5.5e-12 6.073e-12 6.621e-12 1.095e-11 1.34e-11
162 19 9 4.355e-13 4.444e-13 4.642e-13 4.966e-13 5.363e-13 5.865e-13 6.459e-13 7.128e-13 7.86e-13 8.645e-13 9.476e-13 1.035e-12 1.512e-12 2.023e-12 3.037e-12 3.962e-12 4.776e-12 5.49e-12 6.122e-12 6.413e-12 6.688e-12 7.201e-12 7.671e-12 1.098e-11 1.27e-11
163 19 10 1.094e-12 1.118e-12 1.168e-12 1.246e-12 1.336e-12 1.446e-12 1.573e-12 1.713e-12 1.863e-12 2.02e-12 2.183e-12 2.349e-12 3.198e-12 4.024e-12 5.51e-12 6.801e-12 7.962e-12 9.034e-12 1.004e-11 1.052e-11 1.099e-11 1.188e-11 1.273e-11 1.896e-11 2.205e-11
164 19 11 1.739e-12 1.788e-12 1.875e-12 1.985e-12 2.086e-12 2.2e-12 2.327e-12 2.466e-12 2.614e-12 2.769e-12 2.928e-12 3.089e-12 3.904e-12 4.679e-12 6.039e-12 7.163e-12 8.109e-12 8.927e-12 9.652e-12 9.988e-12 1.031e-11 1.091e-11 1.148e-11 1.57e-11 1.801e-11
165 19 12 4.649e-12 4.784e-12 5.014e-12 5.301e-12 5.571e-12 5.876e-12 6.213e-12 6.572e-12 6.945e-12 7.323e-12 7.702e-12 8.078e-12 9.851e-12 1.14e-11 1.395e-11 1.604e-11 1.787e-11 1.952e-11 2.102e-11 2.172e-11 2.239e-11 2.364e-11 2.479e-11 3.216e-11 3.509e-11
166 19 13 5.2e-12 5.403e-12 5.701e-12 6.004e-12 6.187e-12 6.335e-12 6.478e-12 6.624e-12 6.776e-12 6.931e-12 7.089e-12 7.247e-12 8.033e-12 8.785e-12 1.02e-11 1.154e-11 1.28e-11 1.399e-11 1.509e-11 1.562e-11 1.612e-11 1.708e-11 1.797e-11 2.438e-11 2.767e-11
167 19 14 1.675e-11 1.738e-11 1.828e-11 1.918e-11 1.983e-11 2.05e-11 2.121e-11 2.194e-11 2.267e-11 2.339e-11 2.409e-11 2.477e-11 2.773e-11 3.011e-11 3.374e-11 3.658e-11 3.894e-11 4.095e-11 4.267e-11 4.343e-11 4.414e-11 4.54e-11 4.648e-11 5.189e-11 5.284e-11
168 19 15 1.257e-11 1.324e-11 1.412e-11 1.494e-11 1.526e-11 1.532e-11 1.529e-11 1.522e-11 1.517e-11 1.514e-11 1.513e-11 1.516e-11 1.567e-11 1.667e-11 1.939e-11 2.237e-11 2.526e-11 2.791e-11 3.03e-11 3.14e-11 3.244e-11 3.434e-11 3.604e-11 4.66e-11 5.113e-11
169 19 16 4.97e-11 5.232e-11 5.541e-11 5.764e-11 5.865e-11 5.95e-11 6.036e-11 6.121e-11 6.205e-11 6.284e-11 6.358e-11 6.427e-11 6.703e-11 6.894e-11 7.151e-11 7.335e-11 7.481e-11 7.597e-11 7.685e-11 7.719e-11 7.748e-11 7.789e-11 7.814e-11 7.635e-11 7.272e-11
170 19 17 3.825e-11 4.117e-11 4.484e-11 4.854e-11 5.026e-11 5.096e-11 5.123e-11 5.139e-11 5.159e-11 5.188e-11 5.227e-11 5.277e-11 5.643e-11 6.107e-11 7.057e-11 7.903e-11 8.616e-11 9.204e-11 9.688e-11 9.895e-11 1.008e-10 1.041e-10 1.068e-10 1.187e-10 1.208e-10
171 19 18 1.072e-10 1.172e-10 1.265e-10 1.306e-10 1.302e-10 1.291e-10 1.279e-10 1.268e-10 1.258e-10 1.249e-10 1.241e-10 1.233e-10 1.205e-10 1.186e-10 1.165e-10 1.158e-10 1.158e-10 1.159e-10 1.159e-10 1.158e-10 1.156e-10 1.151e-10 1.144e-10 1.035e-10 9.387e-11
172 20 1 1.444e-17 1.639e-17 1.915e-17 3.006e-17 5.29e-17 8.445e-17 1.235e-16 1.711e-16 2.291e-16 2.998e-16 3.86e-16 4.907e-16 1.402e-15 3.278e-15 1.133e-14 2.579e-14 4.559e-14 6.891e-14 9.404e-14 1.069e-13 1.197e-13 1.451e-13 1.697e-13 3.567e-13 4.611e-13
173 20 2 8.849e-17 9.747e-17 1.108e-16 1.591e-16 2.562e-16 3.886e-16 5.51e-16 7.466e-16 9.821e-16 1.266e-15 1.607e-15 2.016e-15 5.442e-15 1.215e-14 3.948e-14 8.685e-14 1.506e-13 2.251e-13 3.052e-13 3.462e-13 3.873e-13 4.688e-13 5.481e-13 1.155e-12 1.47e-12
174 20 3 3.836e-16 4.113e-16 4.559e-16 6.034e-16 8.851e-16 1.262e-15 1.719e-15 2.261e-15 2.902e-15 3.661e-15 4.556e-15 5.607e-15 1.387e-14 2.87e-14 8.302e-14 1.692e-13 2.791e-13 4.031e-13 5.332e-13 5.987e-13 6.64e-13 7.922e-13 9.159e-13 1.866e-12 2.413e-12
175 20 4 1.424e-15 1.498e-15 1.628e-15 2.026e-15 2.747e-15 3.697e-15 4.835e-15 6.169e-15 7.724e-15 9.534e-15 1.163e-14 1.405e-14 3.202e-14 6.187e-14 1.615e-13 3.08e-13 4.865e-13 6.822e-13 8.843e-13 9.855e-13 1.086e-12 1.282e-12 1.471e-12 2.875e-12 3.596e-12
176 20 5 4.755e-15 4.935e-15 5.291e-15 6.306e-15 8.057e-15 1.033e-14 1.301e-14 1.612e-14 1.969e-14 2.376e-14 2.84e-14 3.365e-14 7.009e-14 1.251e-13 2.871e-13 4.997e-13 7.395e-13 9.899e-13 1.241e-12 1.364e-12 1.486e-12 1.723e-12 1.951e-12 3.748e-12 4.835e-12
177 20 6 1.406e-14 1.447e-14 1.536e-14 1.77e-14 2.151e-14 2.639e-14 3.211e-14 3.868e-14 4.613e-14 5.455e-14 6.398e-14 7.449e-14 1.441e-13 2.426e-13 5.118e-13 8.424e-13 1.199e-12 1.558e-12 1.909e-12 2.079e-12 2.245e-12 2.562e-12 2.861e-12 5.003e-12 6.087e-12
178 20 7 3.952e-14 4.049e-14 4.274e-14 4.812e-14 5.645e-14 6.692e-14 7.907e-14 9.283e-14 1.082e-13 1.253e-13 1.441e-13 1.646e-13 2.919e-13 4.552e-13 8.507e-13 1.284e-12 1.719e-12 2.141e-12 2.545e-12 2.741e-12 2.932e-12 3.302e-12 3.658e-12 6.542e-12 8.312e-12
179 20 8 9.644e-14 9.871e-14 1.039e-13 1.146e-13 1.301e-13 1.492e-13 1.713e-13 1.962e-13 2.238e-13 2.541e-13 2.871e-13 3.227e-13 5.361e-13 7.966e-13 1.394e-12 2.016e-12 2.614e-12 3.169e-12 3.68e-12 3.919e-12 4.148e-12 4.577e-12 4.972e-12 7.717e-12 9.113e-12
180 20 9 2.425e-13 2.483e-13 2.609e-13 2.848e-13 3.17e-13 3.56e-13 4.004e-13 4.497e-13 5.034e-13 5.613e-13 6.23e-13 6.881e-13 1.053e-12 1.456e-12 2.279e-12 3.061e-12 3.786e-12 4.461e-12 5.096e-12 5.401e-12 5.699e-12 6.274e-12 6.826e-12 1.124e-11 1.378e-11
181 20 10 4.854e-13 4.987e-13 5.246e-13 5.651e-13 6.136e-13 6.711e-13 7.363e-13 8.085e-13 8.868e-13 9.706e-13 1.059e-12 1.152e-12 1.658e-12 2.198e-12 3.255e-12 4.203e-12 5.026e-12 5.74e-12 6.367e-12 6.654e-12 6.925e-12 7.429e-12 7.889e-12 1.115e-11 1.288e-11
182 20 11 1.176e-12 1.21e-12 1.274e-12 1.368e-12 1.473e-12 1.595e-12 1.73e-12 1.877e-12 2.033e-12 2.196e-12 2.364e-12 2.536e-12 3.414e-12 4.263e-12 5.778e-12 7.083e-12 8.249e-12 9.323e-12 1.033e-11 1.081e-11 1.128e-11 1.217e-11 1.302e-11 1.93e-11 2.245e-11
183 20 12 1.839e-12 1.905e-12 2.013e-12 2.138e-12 2.251e-12 2.374e-12 2.51e-12 2.656e-12 2.812e-12 2.974e-12 3.141e-12 3.31e-12 4.162e-12 4.968e-12 6.364e-12 7.501e-12 8.443e-12 9.248e-12 9.959e-12 1.029e-11 1.06e-11 1.119e-11 1.174e-11 1.587e-11 1.817e-11
184 20 13 4.764e-12 4.941e-12 5.227e-12 5.553e-12 5.852e-12 6.177e-12 6.527e-12 6.895e-12 7.276e-12 7.662e-12 8.048e-12 8.432e-12 1.024e-11 1.182e-11 1.439e-11 1.65e-11 1.834e-11 1.999e-11 2.149e-11 2.219e-11 2.286e-11 2.411e-11 2.525e-11 3.259e-11 3.551e-11
185 20 14 5.301e-12 5.552e-12 5.91e-12 6.217e-12 6.389e-12 6.532e-12 6.676e-12 6.828e-12 6.986e-12 7.148e-12 7.314e-12 7.48e-12 8.298e-12 9.07e-12 1.05e-11 1.183e-11 1.308e-11 1.425e-11 1.534e-11 1.585e-11 1.635e-11 1.73e-11 1.818e-11 2.454e-11 2.786e-11
186 20 15 1.665e-11 1.744e-11 1.856e-11 1.955e-11 2.025e-11 2.095e-11 2.168e-11 2.243e-11 2.317e-11 2.391e-11 2.462e-11 2.531e-11 2.836e-11 3.079e-11 3.451e-11 3.739e-11 3.979e-11 4.182e-11 4.355e-11 4.432e-11 4.503e-11 4.629e-11 4.737e-11 5.265e-11 5.35e-11
187 20 16 1.235e-11 1.314e-11 1.416e-11 1.489e-11 1.506e-11 1.505e-11 1.498e-11 1.49e-11 1.485e-11 1.482e-11 1.482e-11 1.485e-11 1.538e-11 1.639e-11 1.911e-11 2.21e-11 2.499e-11 2.765e-11 3.004e-11 3.115e-11 3.219e-11 3.41e-11 3.581e-11 4.645e-11 5.107e-11
188 20 17 4.899e-11 5.219e-11 5.61e-11 5.858e-11 5.961e-11 6.047e-11 6.133e-11 6.219e-11 6.303e-11 6.384e-11 6.461e-11 6.533e-11 6.824e-11 7.028e-11 7.304e-11 7.501e-11 7.658e-11 7.784e-11 7.88e-11 7.918e-11 7.949e-11 7.996e-11 8.025e-11 7.87e-11 7.518e-11
189 20 18 3.599e-11 3.934e-11 4.356e-11 4.668e-11 4.772e-11 4.805e-11 4.817e-11 4.827e-11 4.845e-11 4.874e-11 4.915e-11 4.967e-11 5.344e-11 5.821e-11 6.8e-11 7.672e-11 8.407e-11 9.015e-11 9.515e-11 9.73e-11 9.925e-11 1.026e-10 1.054e-10 1.18e-10 1.205e-10
190 20 19 1.094e-10 1.215e-10 1.338e-10 1.382e-10 1.371e-10 1.353e-10 1.337e-10 1.322e-10 1.309e-10 1.298e-10 1.288e-10 1.279e-10 1.246e-10 1.224e-10 1.2e-10 1.191e-10 1.188e-10 1.186e-10 1.184e-10 1.182e-10 1.18e-10 1.174e-10 1.165e-10 1.048e-10 9.486e-11
