#Velocity(km/s)	FluxDensity(Jy)
-424.952	3.453
-423.894	5.317
-422.836	-0.945
-421.778	9.183
-420.719	4.352
-419.661	5.204
-418.603	2.676
-417.544	1.451
-416.486	5.013
-415.428	2.056
-414.369	3.187
-413.311	2.134
-412.253	4.229
-411.194	0.932
-410.136	0.661
-409.078	3.825
-408.020	0.381
-406.961	4.124
-405.903	0.565
-404.845	-1.313
-403.786	-2.037
-402.728	3.807
-401.670	6.678
-400.611	-3.595
-399.553	3.442
-398.495	-1.563
-397.437	1.476
-396.378	1.198
-395.320	-3.859
-394.262	-0.733
-393.203	-2.035
-392.145	-3.871
-391.087	0.851
-390.028	1.834
-388.970	-0.649
-387.912	1.170
-386.853	1.777
-385.795	2.082
-384.737	3.178
-383.679	1.312
-382.620	2.041
-381.562	-1.543
-380.504	-1.263
-379.445	-2.207
-378.387	-2.890
-377.329	-3.446
-376.270	2.473
-375.212	-0.598
-374.154	4.310
-373.096	2.456
-372.037	-1.406
-370.979	0.611
-369.921	-0.326
-368.862	-0.295
-367.804	-4.790
-366.746	0.817
-365.687	-0.505
-364.629	2.212
-363.571	3.675
-362.512	7.049
-361.454	-4.972
-360.396	0.824
-359.338	-3.402
-358.279	-0.554
-357.221	0.216
-356.163	0.975
-355.104	-0.879
-354.046	1.651
-352.988	3.127
-351.929	-1.003
-350.871	-1.345
-349.813	-0.145
-348.755	2.093
-347.696	-4.279
-346.638	-7.009
-345.580	-0.175
-344.521	2.295
-343.463	2.725
-342.405	0.669
-341.346	-3.431
-340.288	4.535
-339.230	-0.846
-338.171	-2.009
-337.113	-5.998
-336.055	-3.485
-334.997	1.555
-333.938	-4.132
-332.880	-0.027
-331.822	1.981
-330.763	-3.757
-329.705	0.904
-328.647	1.868
-327.588	2.660
-326.530	-0.152
-325.472	-0.477
-324.414	2.089
-323.355	-6.959
-322.297	-2.139
-321.239	2.168
-320.180	-2.253
-319.122	-4.404
-318.064	0.158
-317.005	-2.276
-315.947	-2.907
-314.889	-3.025
-313.830	-1.526
-312.772	-1.041
-311.714	-1.531
-310.656	-0.639
-309.597	2.886
-308.539	2.680
-307.481	-0.450
-306.422	-1.315
-305.364	-5.383
-304.306	0.549
-303.247	-1.586
-302.189	-4.343
-301.131	-2.933
-300.072	-3.032
-299.014	-0.354
-297.956	-3.794
-296.898	-2.464
-295.839	0.781
-294.781	-1.568
-293.723	-0.687
-292.664	-2.889
-291.606	-1.533
-290.548	2.878
-289.489	1.884
-288.431	0.614
-287.373	1.980
-286.315	1.898
-285.256	1.785
-284.198	-1.665
-283.140	3.880
-282.081	-1.942
-281.023	0.843
-279.965	-0.030
-278.906	3.090
-277.848	1.593
-276.790	1.107
-275.731	1.727
-274.673	0.863
-273.615	-2.559
-272.557	3.866
-271.498	-1.640
-270.440	-0.279
-269.382	3.259
-268.323	2.444
-267.265	2.019
-266.207	4.880
-265.148	3.042
-264.090	4.047
-263.032	2.907
-261.974	5.492
-260.915	-2.325
-259.857	3.685
-258.799	4.971
-257.740	3.575
-256.682	6.448
-255.624	2.676
-254.565	2.236
-253.507	4.605
-252.449	4.538
-251.390	3.419
-250.332	2.854
-249.274	-2.834
-248.216	1.670
-247.157	1.835
-246.099	8.661
-245.041	1.355
-243.982	3.192
-242.924	-1.266
-241.866	3.510
-240.807	1.446
-239.749	3.953
-238.691	-3.432
-237.633	4.036
-236.574	-0.337
-235.516	3.149
-234.458	2.756
-233.399	5.847
-232.341	-0.928
-231.283	6.077
-230.224	3.394
-229.166	7.037
-228.108	-6.015
-227.049	1.775
-225.991	-4.192
-224.933	-1.139
-223.875	-2.165
-222.816	-1.528
-221.758	-0.973
-220.700	-1.760
-219.641	-1.638
-218.583	4.232
-217.525	3.348
-216.466	3.667
-215.408	-4.012
-214.350	1.544
-213.292	-0.914
-212.233	1.630
-211.175	0.990
-210.117	-0.695
-209.058	-0.587
-208.000	1.969
-206.942	2.934
-205.883	-5.701
-204.825	-3.968
-203.767	-5.553
-202.708	0.056
-201.650	-2.939
-200.592	-2.299
-199.534	1.802
-198.475	3.818
-197.417	1.451
-196.359	1.501
-195.300	-4.249
-194.242	-2.627
-193.184	-0.331
-192.125	1.666
-191.067	-1.458
-190.009	-5.432
-188.951	-2.640
-187.892	-3.425
-186.834	5.106
-185.776	3.440
-184.717	3.370
-183.659	5.628
-182.601	-0.881
-181.542	4.016
-180.484	1.870
-179.426	-0.141
-178.367	3.445
-177.309	0.498
-176.251	4.306
-175.193	-0.981
-174.134	0.042
-173.076	-0.041
-172.018	4.766
-170.959	-5.103
-169.901	-4.064
-168.843	4.103
-167.784	-2.755
-166.726	3.742
-165.668	-2.695
-164.609	5.830
-163.551	0.728
-162.493	-0.830
-161.435	0.469
-160.376	6.616
-159.318	-2.886
-158.260	1.006
-157.201	-0.709
-156.143	-7.099
-155.085	3.338
-154.026	2.209
-152.968	-0.636
-151.910	-1.236
-150.852	-2.469
-149.793	-6.133
-148.735	0.595
-147.677	2.317
-146.618	2.817
-145.560	-2.741
-144.502	-2.175
-143.443	-1.920
-142.385	-6.139
-141.327	-4.695
-140.268	-1.853
-139.210	-2.828
-138.152	1.905
-137.094	3.037
-136.035	6.627
-134.977	2.532
-133.919	8.290
-132.860	2.583
-131.802	-0.170
-130.744	-1.732
-129.685	2.942
-128.627	3.773
-127.569	2.566
-126.511	-3.923
-125.452	6.627
-124.394	1.585
-123.336	-1.800
-122.277	1.832
-121.219	0.372
-120.161	3.880
-119.102	2.603
-118.044	3.376
-116.986	-0.852
-115.927	-6.655
-114.869	0.576
-113.811	0.312
-112.753	-1.509
-111.694	-4.661
-110.636	4.059
-109.578	5.090
-108.519	-0.101
-107.461	5.042
-106.403	0.300
-105.344	-5.352
-104.286	2.202
-103.228	2.844
-102.170	-5.106
-101.111	1.964
-100.053	-2.068
-98.995	-5.039
-97.936	2.336
-96.878	1.814
-95.820	-0.820
-94.761	2.112
-93.703	1.724
-92.645	-2.912
-91.586	-0.098
-90.528	-1.251
-89.470	1.513
-88.412	-0.997
-87.353	0.874
-86.295	-0.025
-85.237	-5.270
-84.178	-1.066
-83.120	-3.343
-82.062	1.348
-81.003	-6.021
-79.945	0.678
-78.887	0.219
-77.829	-4.249
-76.770	-4.875
-75.712	0.844
-74.654	2.367
-73.595	-4.665
-72.537	-2.890
-71.479	-3.875
-70.420	-2.420
-69.362	-1.365
-68.304	-0.768
-67.245	2.074
-66.187	-3.739
-65.129	-3.664
-64.071	-3.293
-63.012	1.292
-61.954	-2.068
-60.896	-4.541
-59.837	0.714
-58.779	0.975
-57.721	3.805
-56.662	-3.340
-55.604	-3.891
-54.546	-0.873
-53.488	-2.479
-52.429	0.375
-51.371	-4.040
-50.313	-4.474
-49.254	0.135
-48.196	-5.550
-47.138	-2.443
-46.079	-3.918
-45.021	-4.708
-43.963	0.060
-42.904	-1.816
-41.846	1.655
-40.788	0.357
-39.730	-3.306
-38.671	-5.160
-37.613	1.180
-36.555	-2.231
-35.496	-2.519
-34.438	-4.302
-33.380	-1.323
-32.321	-1.512
-31.263	-5.009
-30.205	-0.323
-29.146	-0.788
-28.088	-3.348
-27.030	-6.796
-25.972	-0.444
-24.913	2.841
-23.855	1.460
-22.797	0.759
-21.738	-3.277
-20.680	-1.032
-19.622	-1.468
-18.563	-1.047
-17.505	-0.936
-16.447	1.108
-15.389	-1.981
-14.330	4.055
-13.272	4.211
-12.214	-5.297
-11.155	-0.711
-10.097	4.279
-9.039	12.306
-7.980	31.637
-6.922	41.775
-5.864	45.791
-4.805	46.645
-3.747	54.923
-2.689	59.647
-1.631	68.577
-0.572	74.025
0.486	75.148
1.544	76.608
2.603	82.393
3.661	88.066
4.719	85.875
5.778	94.019
6.836	90.986
7.894	99.411
8.952	100.422
10.011	95.199
11.069	95.199
12.127	98.344
13.186	92.840
14.244	90.649
15.302	85.932
16.361	84.415
17.419	73.575
18.477	78.630
19.536	75.260
20.594	69.419
21.652	67.060
22.710	65.544
23.769	60.938
24.827	49.565
25.885	47.549
26.944	29.823
28.002	12.165
29.060	-2.066
30.119	0.744
31.177	0.474
32.235	-1.152
33.293	1.658
34.352	-1.052
35.410	-0.578
36.468	1.403
37.527	1.390
38.585	-0.433
39.643	1.080
40.702	-0.309
41.760	-0.948
42.818	-2.470
43.877	0.856
44.935	1.850
45.993	-4.525
47.051	-4.041
48.110	-0.723
49.168	-1.482
50.226	0.262
51.285	-1.463
52.343	0.160
53.401	3.434
54.460	-3.253
55.518	-1.787
56.576	1.279
57.634	-4.746
58.693	-2.662
59.751	-0.562
60.809	-7.161
61.868	-7.161
62.926	0.209
63.984	-7.234
65.043	-2.568
66.101	-4.678
67.159	-0.200
68.218	-0.554
69.276	1.773
70.334	3.989
71.392	-1.572
72.451	-1.540
73.509	-3.773
74.567	-1.734
75.626	-2.615
76.684	-2.091
77.742	-0.858
78.801	0.729
79.859	-3.751
80.917	-6.667
81.975	2.741
83.034	-2.624
84.092	0.740
85.150	-1.663
86.209	0.144
87.267	-3.122
88.325	-3.285
89.384	-1.635
90.442	-4.550
91.500	0.846
92.559	-3.867
93.617	-2.862
94.675	-1.192
95.733	2.471
96.792	-6.599
97.850	0.114
98.908	2.774
99.967	5.163
101.025	2.947
102.083	-1.802
103.142	0.599
104.200	1.455
105.258	-3.682
106.317	-0.912
107.375	2.715
108.433	-1.546
109.491	-3.508
110.550	-3.731
111.608	2.753
112.666	-0.017
113.725	-2.787
114.783	-2.456
115.841	0.457
116.900	7.021
117.958	1.082
119.016	-2.306
120.074	1.081
121.133	-1.463
122.191	-0.405
123.249	-5.295
124.308	-0.933
125.366	2.015
126.424	-0.678
127.483	0.026
128.541	2.405
129.599	-1.224
130.658	2.106
131.716	0.354
132.774	-2.726
133.832	3.630
134.891	-4.418
135.949	-6.144
137.007	-2.851
138.066	0.779
139.124	2.293
140.182	-1.135
141.241	-1.659
142.299	-4.010
143.357	-0.524
144.415	0.641
145.474	3.272
146.532	3.065
147.590	-2.023
148.649	-1.894
149.707	3.868
150.765	-4.253
151.824	-2.191
152.882	-2.283
153.940	-3.849
154.999	-10.082
156.057	3.316
157.115	-1.457
158.173	-2.113
159.232	-0.767
160.290	0.381
161.348	4.535
162.407	0.456
163.465	4.349
164.523	0.799
165.582	-3.440
166.640	0.771
167.698	-0.068
168.756	2.645
169.815	-2.875
170.873	0.317
171.931	-0.230
172.990	-0.746
174.048	2.364
175.106	-1.122
176.165	-0.511
177.223	-2.731
178.281	-6.728
179.340	-0.696
180.398	-0.677
181.456	-0.355
182.514	-0.208
183.573	-2.875
184.631	1.910
185.689	-3.699
186.748	-1.005
187.806	1.925
188.864	-2.697
189.923	-1.357
190.981	0.668
192.039	4.421
193.097	-3.375
194.156	-3.106
195.214	7.520
196.272	2.354
197.331	-1.422
198.389	-1.737
199.447	0.340
200.506	1.775
201.564	0.808
202.622	1.507
203.681	1.187
204.739	-5.193
205.797	-0.459
206.855	-3.389
207.914	0.348
208.972	-0.722
210.030	2.394
211.089	1.285
212.147	4.087
213.205	-1.676
214.264	-6.347
215.322	6.605
216.380	-3.456
217.438	-7.285
218.497	-2.557
219.555	2.421
220.613	-5.439
221.672	-0.380
222.730	-3.240
223.788	0.463
224.847	-0.253
225.905	-0.278
226.963	2.192
228.022	0.498
229.080	-2.262
230.138	-1.080
231.196	-4.264
232.255	1.603
233.313	-2.971
234.371	-4.951
235.430	-0.296
236.488	-5.329
237.546	0.377
238.605	-1.732
239.663	-5.560
240.721	-2.240
241.780	-0.390
242.838	0.572
243.896	0.673
244.954	-0.924
246.013	-1.605
247.071	-6.813
248.129	-0.835
249.188	-5.043
250.246	-6.403
251.304	-5.547
252.363	-1.577
253.421	-4.742
254.479	-0.709
255.537	4.345
256.596	2.926
257.654	-3.072
258.712	1.794
259.771	-1.270
260.829	3.413
261.887	0.180
262.946	1.009
264.004	-6.476
265.062	-3.048
266.121	-3.685
267.179	1.641
268.237	-5.552
269.295	-1.268
270.354	1.404
271.412	-1.509
272.470	4.011
273.529	0.770
274.587	1.847
275.645	0.366
276.704	-2.774
277.762	-3.571
278.820	-7.195
279.878	-1.432
280.937	-1.058
281.995	-0.537
283.053	-2.325
284.112	2.663
285.170	-1.259
286.228	0.348
287.287	3.930
288.345	1.462
289.403	-3.369
290.462	-2.054
291.520	5.678
292.578	-1.722
293.636	-1.952
294.695	-5.356
295.753	-6.010
296.811	2.521
297.870	3.698
298.928	-2.989
299.986	-1.902
301.045	-2.507
302.103	4.223
303.161	0.224
304.219	2.370
305.278	3.614
306.336	-0.293
307.394	3.546
308.453	0.347
309.511	1.383
310.569	-0.941
311.628	-3.157
312.686	0.347
313.744	2.372
314.803	-0.582
315.861	11.312
316.919	1.028
317.977	2.872
319.036	1.918
320.094	-4.723
321.152	-0.373
322.211	0.144
323.269	3.989
324.327	1.132
325.386	-4.321
326.444	-2.521
327.502	-3.857
328.560	-3.089
329.619	0.932
330.677	1.473
331.735	0.963
332.794	2.456
333.852	1.309
334.910	4.429
335.969	-2.432
337.027	0.689
338.085	-2.158
339.144	-1.434
340.202	3.617
341.260	1.183
342.318	-5.203
343.377	-1.005
344.435	-0.190
345.493	0.881
346.552	-2.125
347.610	1.235
348.668	-3.542
349.727	4.588
350.785	-1.307
351.843	7.200
352.901	2.994
353.960	-0.716
355.018	-3.136
356.076	-3.735
357.135	2.943
358.193	-0.870
359.251	5.282
360.310	-3.184
361.368	-0.293
362.426	3.779
363.485	0.391
364.543	9.183
365.601	1.462
366.659	0.312
367.718	5.251
368.776	2.979
369.834	4.265
370.893	-0.718
371.951	1.647
373.009	3.584
374.068	2.935
375.126	-3.422
376.184	3.121
377.243	-0.307
378.301	4.096
379.359	2.951
380.417	1.471
381.476	1.248
382.534	-4.286
383.592	5.200
384.651	-0.354
385.709	6.695
386.767	-0.227
387.826	3.790
388.884	7.678
389.942	4.032
391.000	3.264
392.059	3.684
393.117	-0.252
394.175	2.994
395.234	-2.787
396.292	4.186
397.350	2.297
398.409	4.222
399.467	0.769
400.525	5.897
401.584	3.555
402.642	6.802
403.700	4.472
404.758	4.663
405.817	2.305
406.875	7.122
407.933	1.216
408.992	2.067
410.050	0.132
411.108	-0.973
412.167	1.514
413.225	3.746
414.283	1.283
415.341	0.081
416.400	3.734
417.458	5.345
418.516	8.705
419.575	0.859
420.633	0.755
421.691	1.404
422.750	-0.059
423.808	-0.893
424.866	6.571
425.925	-2.335
426.983	-1.194
428.041	1.653
429.099	-3.289
430.158	0.756
431.216	5.046
432.274	4.503
433.333	-1.011
434.391	0.886
435.449	3.354
436.508	0.957
437.566	3.975
438.624	-2.190
439.682	-1.540
440.741	4.158
