! MOLECULE
CO
! MOLECULAR WEIGHT
28.0
! NUMBER OF ENERGY LEVELS
12
! LEVEL + ENERGIES(cm^-1) + WEIGHT + J
1 0.0 1 0
2 3.845033413 3 1
3 11.534919938 5 2
4 23.069512649 7 3
5 38.448164669 9 4
6 57.670329083 11 5
7 80.735459105 13 6
8 107.642407981 15 7
9 138.390328288 17 8
10 172.978074417 19 9
11 211.404098498 21 10
12 253.667154063 23 11
! NUMBER OF RADIATIVE TRANSITIONS
11
! TRANS + UP + LOW + EINSTEINA(s^-1) + FREQ(GHz) + E_u(K)
1 2 1 7.203e-08 115.2712018 5.53
2 3 2 6.91e-07 230.538 16.6
3 4 3 2.497e-06 345.7959899 33.19
4 5 4 6.126e-06 461.0407682 55.32
5 6 5 1.221e-05 576.2679305 82.97
6 7 6 2.137e-05 691.4730763 116.16
7 8 7 3.422e-05 806.651806 154.87
8 9 8 5.134e-05 921.7997 199.11
9 10 9 7.33e-05 1036.912393 248.88
10 11 10 0.0001006 1151.985452 304.16
11 12 11 0.0001339 1267.014486 364.97
! NUMBER OF COLL PARTNERS
2
! COLLISION PARTNER
2 PH2
! NUMBER OF COLLISIONAL TRANSITIONS
66
! NUMBER OF COLLISION TEMPERATURES
25
! COLLISION TEMPERATURES
2 5 10 20 30 40 50 60 70 80 90 100 150 200 300 400 500 600 700 750 800 900 1000 2000 3000
! TRANS + UP + LOW + RATE COEFFS(cm^3 s^-1)
1 2 1 2.954e-11 3.251e-11 3.302e-11 3.249e-11 3.257e-11 3.294e-11 3.337e-11 3.38e-11 3.415e-11 3.445e-11 3.469e-11 3.487e-11 3.532e-11 3.529e-11 3.492e-11 3.45e-11 3.421e-11 3.404e-11 3.396e-11 3.394e-11 3.395e-11 3.399e-11 3.409e-11 3.598e-11 3.818e-11
2 3 1 2.87e-11 2.882e-11 3.015e-11 3.088e-11 3.11e-11 3.122e-11 3.131e-11 3.139e-11 3.148e-11 3.158e-11 3.17e-11 3.185e-11 3.29e-11 3.431e-11 3.727e-11 3.987e-11 4.202e-11 4.381e-11 4.533e-11 4.601e-11 4.665e-11 4.781e-11 4.885e-11 5.61e-11 6.083e-11
3 3 2 8.89e-11 7.838e-11 7.15e-11 6.44e-11 6.118e-11 5.995e-11 5.972e-11 6e-11 6.052e-11 6.116e-11 6.184e-11 6.25e-11 6.528e-11 6.704e-11 6.885e-11 6.969e-11 7.021e-11 7.06e-11 7.096e-11 7.113e-11 7.13e-11 7.165e-11 7.2e-11 7.596e-11 7.983e-11
4 4 1 4.65e-12 4.82e-12 5.162e-12 5.518e-12 6e-12 6.591e-12 7.225e-12 7.863e-12 8.482e-12 9.07e-12 9.621e-12 1.013e-11 1.214e-11 1.346e-11 1.5e-11 1.584e-11 1.636e-11 1.672e-11 1.698e-11 1.71e-11 1.718e-11 1.734e-11 1.748e-11 1.837e-11 1.904e-11
5 4 2 4.734e-11 4.758e-11 5.011e-11 5.091e-11 5.081e-11 5.07e-11 5.062e-11 5.06e-11 5.063e-11 5.07e-11 5.083e-11 5.1e-11 5.242e-11 5.451e-11 5.937e-11 6.404e-11 6.816e-11 7.172e-11 7.481e-11 7.613e-11 7.751e-11 7.99e-11 8.204e-11 9.63e-11 1.049e-10
6 4 3 1.108e-10 9.047e-11 7.946e-11 7.05e-11 6.693e-11 6.557e-11 6.529e-11 6.559e-11 6.62e-11 6.698e-11 6.784e-11 6.873e-11 7.279e-11 7.589e-11 8.001e-11 8.269e-11 8.467e-11 8.626e-11 8.758e-11 8.804e-11 8.872e-11 8.972e-11 9.062e-11 9.73e-11 1.022e-10
7 5 1 2.819e-12 2.831e-12 3.113e-12 3.42e-12 3.641e-12 3.848e-12 4.04e-12 4.213e-12 4.366e-12 4.501e-12 4.62e-12 4.725e-12 5.133e-12 5.48e-12 6.224e-12 7.019e-12 7.793e-12 8.503e-12 9.138e-12 9.427e-12 9.696e-12 1.018e-11 1.06e-11 1.271e-11 1.309e-11
8 5 2 6.145e-12 7.979e-12 9.553e-12 1.076e-11 1.17e-11 1.273e-11 1.383e-11 1.496e-11 1.609e-11 1.719e-11 1.825e-11 1.926e-11 2.361e-11 2.688e-11 3.132e-11 3.415e-11 3.608e-11 3.745e-11 3.843e-11 3.881e-11 3.913e-11 3.96e-11 3.989e-11 3.822e-11 3.439e-11
9 5 3 6.058e-11 5.954e-11 6.229e-11 6.237e-11 6.123e-11 6.031e-11 5.968e-11 5.929e-11 5.906e-11 5.897e-11 5.9e-11 5.91e-11 6.054e-11 6.276e-11 6.774e-11 7.243e-11 7.655e-11 8.009e-11 8.31e-11 8.443e-11 8.565e-11 8.777e-11 8.953e-11 9.551e-11 9.291e-11
10 5 4 8.243e-11 8.495e-11 8.114e-11 7.338e-11 6.965e-11 6.807e-11 6.758e-11 6.767e-11 6.81e-11 6.872e-11 6.944e-11 7.021e-11 7.417e-11 7.763e-11 8.29e-11 8.664e-11 8.94e-11 9.145e-11 9.293e-11 9.349e-11 9.394e-11 9.454e-11 9.479e-11 8.774e-11 7.702e-11
11 6 1 7.92e-13 8.219e-13 9.698e-13 1.184e-12 1.38e-12 1.595e-12 1.829e-12 2.078e-12 2.334e-12 2.594e-12 2.852e-12 3.106e-12 4.269e-12 5.22e-12 6.627e-12 7.617e-12 8.348e-12 8.899e-12 9.312e-12 9.476e-12 9.618e-12 9.841e-12 1e-11 1.005e-11 9.369e-12
12 6 2 6.872e-12 6.202e-12 6.22e-12 6.499e-12 6.773e-12 7.065e-12 7.362e-12 7.652e-12 7.927e-12 8.184e-12 8.423e-12 8.645e-12 9.569e-12 1.035e-11 1.184e-11 1.336e-11 1.482e-11 1.617e-11 1.738e-11 1.794e-11 1.845e-11 1.939e-11 2.02e-11 2.448e-11 2.552e-11
13 6 3 8.109e-12 9.905e-12 1.251e-11 1.462e-11 1.582e-11 1.694e-11 1.81e-11 1.928e-11 2.047e-11 2.163e-11 2.277e-11 2.387e-11 2.872e-11 3.255e-11 3.808e-11 4.192e-11 4.474e-11 4.683e-11 4.836e-11 4.896e-11 4.946e-11 5.021e-11 5.069e-11 4.922e-11 4.509e-11
14 6 4 8.269e-11 7.73e-11 7.616e-11 7.329e-11 7.053e-11 6.846e-11 6.699e-11 6.594e-11 6.522e-11 6.475e-11 6.447e-11 6.434e-11 6.519e-11 6.733e-11 7.256e-11 7.759e-11 8.194e-11 8.557e-11 8.854e-11 8.98e-11 9.093e-11 9.284e-11 9.435e-11 9.881e-11 9.623e-11
15 6 5 2.359e-11 4.848e-11 6.553e-11 7.035e-11 6.983e-11 6.934e-11 6.926e-11 6.949e-11 6.993e-11 7.05e-11 7.115e-11 7.185e-11 7.537e-11 7.85e-11 8.348e-11 8.729e-11 9.023e-11 9.241e-11 9.391e-11 9.442e-11 9.48e-11 9.52e-11 9.521e-11 8.672e-11 7.649e-11
16 7 1 5.351e-13 4.962e-13 5.021e-13 5.519e-13 6.149e-13 6.87e-13 7.648e-13 8.45e-13 9.253e-13 1.004e-12 1.08e-12 1.152e-12 1.456e-12 1.678e-12 1.999e-12 2.263e-12 2.512e-12 2.752e-12 2.978e-12 3.085e-12 3.188e-12 3.381e-12 3.556e-12 4.616e-12 4.961e-12
17 7 2 2.146e-12 2.069e-12 2.232e-12 2.58e-12 2.926e-12 3.312e-12 3.738e-12 4.194e-12 4.669e-12 5.156e-12 5.647e-12 6.136e-12 8.456e-12 1.045e-11 1.355e-11 1.583e-11 1.759e-11 1.897e-11 2.007e-11 2.053e-11 2.094e-11 2.163e-11 2.217e-11 2.367e-11 2.276e-11
18 7 3 9.882e-12 9.154e-12 8.923e-12 8.924e-12 9.056e-12 9.254e-12 9.485e-12 9.728e-12 9.97e-12 1.021e-11 1.044e-11 1.066e-11 1.17e-11 1.27e-11 1.472e-11 1.67e-11 1.854e-11 2.021e-11 2.168e-11 2.235e-11 2.298e-11 2.411e-11 2.511e-11 3.054e-11 3.202e-11
19 7 4 1.444e-11 1.462e-11 1.669e-11 1.898e-11 2.023e-11 2.134e-11 2.246e-11 2.359e-11 2.471e-11 2.582e-11 2.689e-11 2.794e-11 3.256e-11 3.628e-11 4.184e-11 4.584e-11 4.886e-11 5.117e-11 5.292e-11 5.362e-11 5.422e-11 5.517e-11 5.584e-11 5.56e-11 5.184e-11
20 7 5 8.737e-11 8.598e-11 8.551e-11 8.15e-11 7.775e-11 7.492e-11 7.283e-11 7.13e-11 7.018e-11 6.938e-11 6.882e-11 6.846e-11 6.862e-11 7.048e-11 7.57e-11 8.095e-11 8.555e-11 8.941e-11 9.255e-11 9.389e-11 9.508e-11 9.709e-11 9.869e-11 1.034e-10 1.008e-10
21 7 6 2.717e-11 3.969e-11 5.799e-11 6.885e-11 7.06e-11 7.098e-11 7.125e-11 7.163e-11 7.212e-11 7.268e-11 7.328e-11 7.391e-11 7.706e-11 7.987e-11 8.449e-11 8.815e-11 9.104e-11 9.321e-11 9.47e-11 9.522e-11 9.56e-11 9.602e-11 9.604e-11 8.8e-11 7.821e-11
22 8 1 2.334e-13 2.27e-13 2.367e-13 2.704e-13 3.152e-13 3.705e-13 4.357e-13 5.094e-13 5.902e-13 6.767e-13 7.675e-13 8.614e-13 1.345e-12 1.802e-12 2.563e-12 3.15e-12 3.623e-12 4.018e-12 4.355e-12 4.505e-12 4.646e-12 4.899e-12 5.12e-12 6.257e-12 6.434e-12
23 8 2 1.139e-12 1.078e-12 1.077e-12 1.144e-12 1.247e-12 1.372e-12 1.512e-12 1.66e-12 1.813e-12 1.967e-12 2.121e-12 2.272e-12 2.962e-12 3.535e-12 4.428e-12 5.135e-12 5.749e-12 6.305e-12 6.82e-12 7.064e-12 7.3e-12 7.749e-12 8.169e-12 1.102e-11 1.213e-11
24 8 3 3.623e-12 3.49e-12 3.604e-12 3.963e-12 4.361e-12 4.807e-12 5.295e-12 5.816e-12 6.359e-12 6.915e-12 7.476e-12 8.037e-12 1.072e-11 1.307e-11 1.681e-11 1.959e-11 2.177e-11 2.354e-11 2.502e-11 2.567e-11 2.627e-11 2.735e-11 2.827e-11 3.279e-11 3.311e-11
25 8 4 1.21e-11 1.156e-11 1.137e-11 1.117e-11 1.114e-11 1.122e-11 1.134e-11 1.149e-11 1.165e-11 1.182e-11 1.199e-11 1.216e-11 1.306e-11 1.407e-11 1.636e-11 1.874e-11 2.101e-11 2.307e-11 2.492e-11 2.576e-11 2.656e-11 2.803e-11 2.934e-11 3.698e-11 3.932e-11
26 8 5 2.091e-11 2.057e-11 2.186e-11 2.383e-11 2.504e-11 2.609e-11 2.711e-11 2.813e-11 2.914e-11 3.014e-11 3.111e-11 3.206e-11 3.626e-11 3.965e-11 4.47e-11 4.826e-11 5.095e-11 5.307e-11 5.481e-11 5.556e-11 5.626e-11 5.749e-11 5.853e-11 6.288e-11 6.155e-11
27 8 6 8.614e-11 8.782e-11 8.99e-11 8.661e-11 8.268e-11 7.953e-11 7.711e-11 7.527e-11 7.387e-11 7.283e-11 7.208e-11 7.155e-11 7.113e-11 7.272e-11 7.784e-11 8.329e-11 8.829e-11 9.269e-11 9.65e-11 9.82e-11 9.979e-11 1.026e-10 1.051e-10 1.169e-10 1.172e-10
28 8 7 3.832e-11 4.458e-11 5.807e-11 6.991e-11 7.296e-11 7.392e-11 7.44e-11 7.48e-11 7.522e-11 7.568e-11 7.617e-11 7.668e-11 7.929e-11 8.167e-11 8.554e-11 8.845e-11 9.074e-11 9.26e-11 9.413e-11 9.479e-11 9.54e-11 9.644e-11 9.728e-11 9.799e-11 9.205e-11
29 9 1 9.917e-14 9.68e-14 9.953e-14 1.101e-13 1.263e-13 1.472e-13 1.723e-13 2.009e-13 2.324e-13 2.664e-13 3.021e-13 3.393e-13 5.327e-13 7.227e-13 1.057e-12 1.307e-12 1.483e-12 1.61e-12 1.71e-12 1.751e-12 1.796e-12 1.874e-12 1.948e-12 2.537e-12 2.828e-12
30 9 2 5.421e-13 5.324e-13 5.491e-13 6.046e-13 6.854e-13 7.88e-13 9.101e-13 1.049e-12 1.203e-12 1.368e-12 1.543e-12 1.725e-12 2.693e-12 3.687e-12 5.56e-12 7.076e-12 8.233e-12 9.14e-12 9.885e-12 9.973e-12 1.052e-11 1.108e-11 1.158e-11 1.445e-11 1.517e-11
31 9 3 1.692e-12 1.627e-12 1.624e-12 1.675e-12 1.777e-12 1.909e-12 2.061e-12 2.225e-12 2.397e-12 2.571e-12 2.746e-12 2.92e-12 3.749e-12 4.528e-12 5.991e-12 7.213e-12 8.168e-12 8.933e-12 9.581e-12 9.802e-12 1.016e-11 1.068e-11 1.117e-11 1.467e-11 1.618e-11
32 9 4 5.331e-12 5.192e-12 5.268e-12 5.564e-12 5.959e-12 6.423e-12 6.94e-12 7.493e-12 8.069e-12 8.658e-12 9.251e-12 9.843e-12 1.268e-11 1.53e-11 1.999e-11 2.365e-11 2.63e-11 2.825e-11 2.973e-11 3.034e-11 3.093e-11 3.192e-11 3.278e-11 3.728e-11 3.785e-11
33 9 5 1.365e-11 1.336e-11 1.336e-11 1.308e-11 1.29e-11 1.284e-11 1.286e-11 1.291e-11 1.3e-11 1.31e-11 1.321e-11 1.334e-11 1.409e-11 1.516e-11 1.811e-11 2.113e-11 2.368e-11 2.577e-11 2.753e-11 2.81e-11 2.905e-11 3.04e-11 3.161e-11 3.923e-11 4.188e-11
34 9 6 2.698e-11 2.681e-11 2.764e-11 2.895e-11 2.988e-11 3.074e-11 3.161e-11 3.251e-11 3.342e-11 3.432e-11 3.52e-11 3.606e-11 3.996e-11 4.339e-11 4.95e-11 5.42e-11 5.74e-11 5.954e-11 6.103e-11 6.157e-11 6.212e-11 6.297e-11 6.366e-11 6.622e-11 6.449e-11
35 9 7 8.255e-11 8.606e-11 9.046e-11 8.868e-11 8.498e-11 8.178e-11 7.924e-11 7.728e-11 7.579e-11 7.466e-11 7.384e-11 7.325e-11 7.275e-11 7.475e-11 8.199e-11 8.926e-11 9.488e-11 9.906e-11 1.023e-10 1.031e-10 1.049e-10 1.072e-10 1.091e-10 1.194e-10 1.198e-10
36 9 8 4.837e-11 5.357e-11 6.315e-11 7.32e-11 7.633e-11 7.739e-11 7.788e-11 7.824e-11 7.859e-11 7.897e-11 7.938e-11 7.98e-11 8.212e-11 8.471e-11 9.047e-11 9.532e-11 9.857e-11 1.006e-10 1.019e-10 1.023e-10 1.028e-10 1.034e-10 1.038e-10 1.022e-10 9.536e-11
37 10 1 4.788e-14 4.786e-14 5.022e-14 5.63e-14 6.563e-14 7.829e-14 9.425e-14 1.135e-13 1.357e-13 1.609e-13 1.888e-13 2.19e-13 3.951e-13 5.897e-13 9.639e-13 1.288e-12 1.567e-12 1.812e-12 2.032e-12 2.133e-12 2.229e-12 2.409e-12 2.572e-12 3.59e-12 3.949e-12
38 10 2 2.215e-13 2.165e-13 2.213e-13 2.382e-13 2.667e-13 3.05e-13 3.519e-13 4.062e-13 4.67e-13 5.333e-13 6.042e-13 6.789e-13 1.084e-12 1.498e-12 2.234e-12 2.815e-12 3.267e-12 3.631e-12 3.935e-12 4.071e-12 4.199e-12 4.437e-12 4.655e-12 6.276e-12 7.117e-12
39 10 3 8.865e-13 8.718e-13 8.934e-13 9.534e-13 1.049e-12 1.175e-12 1.324e-12 1.494e-12 1.681e-12 1.882e-12 2.093e-12 2.313e-12 3.473e-12 4.624e-12 6.677e-12 8.383e-12 9.821e-12 1.106e-11 1.215e-11 1.264e-11 1.311e-11 1.397e-11 1.474e-11 1.939e-11 2.09e-11
40 10 4 2.243e-12 2.177e-12 2.188e-12 2.223e-12 2.313e-12 2.44e-12 2.59e-12 2.755e-12 2.927e-12 3.103e-12 3.28e-12 3.455e-12 4.29e-12 5.045e-12 6.385e-12 7.578e-12 8.656e-12 9.636e-12 1.053e-11 1.095e-11 1.135e-11 1.211e-11 1.281e-11 1.761e-11 1.976e-11
41 10 5 7.175e-12 7.072e-12 7.199e-12 7.432e-12 7.797e-12 8.253e-12 8.771e-12 9.327e-12 9.908e-12 1.05e-11 1.11e-11 1.169e-11 1.451e-11 1.697e-11 2.094e-11 2.403e-11 2.653e-11 2.86e-11 3.035e-11 3.113e-11 3.186e-11 3.317e-11 3.431e-11 4.072e-11 4.229e-11
42 10 6 1.453e-11 1.443e-11 1.471e-11 1.451e-11 1.427e-11 1.413e-11 1.406e-11 1.404e-11 1.406e-11 1.41e-11 1.416e-11 1.424e-11 1.48e-11 1.564e-11 1.785e-11 2.033e-11 2.277e-11 2.506e-11 2.715e-11 2.812e-11 2.905e-11 3.077e-11 3.234e-11 4.207e-11 4.563e-11
43 10 7 3.254e-11 3.291e-11 3.401e-11 3.481e-11 3.541e-11 3.603e-11 3.671e-11 3.742e-11 3.816e-11 3.89e-11 3.964e-11 4.037e-11 4.366e-11 4.637e-11 5.056e-11 5.371e-11 5.62e-11 5.825e-11 5.996e-11 6.072e-11 6.142e-11 6.269e-11 6.378e-11 6.936e-11 6.938e-11
44 10 8 7.716e-11 8.124e-11 8.697e-11 8.714e-11 8.427e-11 8.145e-11 7.911e-11 7.726e-11 7.581e-11 7.471e-11 7.389e-11 7.33e-11 7.272e-11 7.423e-11 7.927e-11 8.464e-11 8.958e-11 9.401e-11 9.794e-11 9.975e-11 1.015e-10 1.046e-10 1.074e-10 1.238e-10 1.274e-10
45 10 9 5.762e-11 6.37e-11 7.198e-11 7.967e-11 8.209e-11 8.282e-11 8.305e-11 8.316e-11 8.328e-11 8.343e-11 8.363e-11 8.385e-11 8.528e-11 8.682e-11 8.971e-11 9.224e-11 9.445e-11 9.638e-11 9.806e-11 9.881e-11 9.952e-11 1.008e-10 1.019e-10 1.061e-10 1.026e-10
46 11 1 1.935e-14 1.939e-14 2.037e-14 2.272e-14 2.644e-14 3.167e-14 3.845e-14 4.677e-14 5.663e-14 6.798e-14 8.076e-14 9.489e-14 1.818e-13 2.852e-13 4.967e-13 6.813e-13 8.31e-13 9.509e-13 1.048e-12 1.091e-12 1.13e-12 1.199e-12 1.261e-12 1.674e-12 1.887e-12
47 11 2 1.11e-13 1.108e-13 1.157e-13 1.269e-13 1.445e-13 1.689e-13 1.998e-13 2.37e-13 2.802e-13 3.292e-13 3.835e-13 4.427e-13 7.942e-13 1.196e-12 2.006e-12 2.739e-12 3.383e-12 3.954e-12 4.465e-12 4.703e-12 4.929e-12 5.351e-12 5.738e-12 8.271e-12 9.278e-12
48 11 3 3.491e-13 3.416e-13 3.481e-13 3.666e-13 4.003e-13 4.474e-13 5.055e-13 5.729e-13 6.48e-13 7.296e-13 8.166e-13 9.081e-13 1.406e-12 1.922e-12 2.881e-12 3.686e-12 4.346e-12 4.895e-12 5.363e-12 5.573e-12 5.771e-12 6.137e-12 6.469e-12 8.819e-12 1e-11
49 11 4 1.293e-12 1.276e-12 1.308e-12 1.371e-12 1.477e-12 1.62e-12 1.792e-12 1.987e-12 2.2e-12 2.427e-12 2.666e-12 2.912e-12 4.193e-12 5.448e-12 7.688e-12 9.569e-12 1.117e-11 1.256e-11 1.379e-11 1.435e-11 1.488e-11 1.586e-11 1.673e-11 2.215e-11 2.406e-11
50 11 5 2.754e-12 2.701e-12 2.741e-12 2.773e-12 2.85e-12 2.969e-12 3.115e-12 3.278e-12 3.449e-12 3.625e-12 3.801e-12 3.975e-12 4.801e-12 5.545e-12 6.886e-12 8.116e-12 9.265e-12 1.034e-11 1.133e-11 1.18e-11 1.226e-11 1.311e-11 1.391e-11 1.938e-11 2.181e-11
51 11 6 8.996e-12 8.935e-12 9.123e-12 9.309e-12 9.632e-12 1.007e-11 1.059e-11 1.115e-11 1.173e-11 1.233e-11 1.294e-11 1.354e-11 1.635e-11 1.879e-11 2.272e-11 2.578e-11 2.828e-11 3.037e-11 3.215e-11 3.294e-11 3.368e-11 3.501e-11 3.618e-11 4.273e-11 4.437e-11
52 11 7 1.491e-11 1.5e-11 1.552e-11 1.547e-11 1.52e-11 1.5e-11 1.489e-11 1.482e-11 1.48e-11 1.481e-11 1.483e-11 1.488e-11 1.535e-11 1.614e-11 1.831e-11 2.08e-11 2.328e-11 2.562e-11 2.778e-11 2.879e-11 2.975e-11 3.155e-11 3.318e-11 4.34e-11 4.716e-11
53 11 8 3.72e-11 3.801e-11 3.944e-11 4.005e-11 4.042e-11 4.086e-11 4.138e-11 4.195e-11 4.256e-11 4.319e-11 4.382e-11 4.444e-11 4.729e-11 4.967e-11 5.338e-11 5.621e-11 5.849e-11 6.038e-11 6.198e-11 6.27e-11 6.336e-11 6.455e-11 6.559e-11 7.084e-11 7.07e-11
54 11 9 7.14e-11 7.596e-11 8.254e-11 8.412e-11 8.196e-11 7.959e-11 7.756e-11 7.593e-11 7.466e-11 7.37e-11 7.3e-11 7.252e-11 7.228e-11 7.402e-11 7.937e-11 8.495e-11 9.007e-11 9.462e-11 9.866e-11 1.005e-10 1.022e-10 1.055e-10 1.083e-10 1.25e-10 1.287e-10
55 11 10 6.534e-11 7.232e-11 8.031e-11 8.694e-11 8.911e-11 8.96e-11 8.954e-11 8.936e-11 8.918e-11 8.906e-11 8.899e-11 8.898e-11 8.943e-11 9.029e-11 9.227e-11 9.421e-11 9.601e-11 9.765e-11 9.911e-11 9.978e-11 1.004e-10 1.016e-10 1.026e-10 1.064e-10 1.028e-10
56 12 1 8.733e-15 9.005e-15 9.743e-15 1.12e-14 1.328e-14 1.631e-14 2.057e-14 2.626e-14 3.35e-14 4.235e-14 5.279e-14 6.475e-14 1.43e-13 2.398e-13 4.429e-13 6.284e-13 7.899e-13 9.307e-13 1.056e-12 1.113e-12 1.168e-12 1.271e-12 1.365e-12 2.026e-12 2.324e-12
57 12 2 4.342e-14 4.388e-14 4.642e-14 5.164e-14 5.927e-14 7.008e-14 8.463e-14 1.033e-13 1.263e-13 1.537e-13 1.852e-13 2.206e-13 4.441e-13 7.123e-13 1.262e-12 1.747e-12 2.147e-12 2.472e-12 2.737e-12 2.852e-12 2.958e-12 3.145e-12 3.308e-12 4.337e-12 4.825e-12
58 12 3 1.801e-13 1.805e-13 1.884e-13 2.048e-13 2.293e-13 2.627e-13 3.058e-13 3.586e-13 4.21e-13 4.925e-13 5.723e-13 6.594e-13 1.171e-12 1.739e-12 2.841e-12 3.811e-12 4.653e-12 5.394e-12 6.056e-12 6.362e-12 6.655e-12 7.201e-12 7.703e-12 1.107e-11 1.248e-11
59 12 4 4.859e-13 4.797e-13 4.909e-13 5.157e-13 5.555e-13 6.084e-13 6.727e-13 7.47e-13 8.305e-13 9.219e-13 1.02e-12 1.124e-12 1.697e-12 2.298e-12 3.422e-12 4.376e-12 5.173e-12 5.845e-12 6.425e-12 6.688e-12 6.936e-12 7.393e-12 7.81e-12 1.07e-11 1.207e-11
60 12 5 1.748e-12 1.727e-12 1.755e-12 1.822e-12 1.94e-12 2.095e-12 2.278e-12 2.483e-12 2.706e-12 2.943e-12 3.191e-12 3.448e-12 4.781e-12 6.085e-12 8.406e-12 1.036e-11 1.204e-11 1.352e-11 1.483e-11 1.543e-11 1.6e-11 1.705e-11 1.8e-11 2.392e-11 2.601e-11
61 12 6 3.194e-12 3.156e-12 3.201e-12 3.245e-12 3.321e-12 3.418e-12 3.527e-12 3.642e-12 3.761e-12 3.884e-12 4.01e-12 4.139e-12 4.818e-12 5.531e-12 6.974e-12 8.36e-12 9.656e-12 1.086e-11 1.196e-11 1.248e-11 1.298e-11 1.393e-11 1.48e-11 2.076e-11 2.334e-11
62 12 7 1.088e-11 1.081e-11 1.09e-11 1.1e-11 1.13e-11 1.171e-11 1.216e-11 1.264e-11 1.313e-11 1.362e-11 1.411e-11 1.46e-11 1.692e-11 1.901e-11 2.259e-11 2.555e-11 2.806e-11 3.021e-11 3.208e-11 3.292e-11 3.371e-11 3.514e-11 3.641e-11 4.364e-11 4.547e-11
63 12 8 1.478e-11 1.502e-11 1.559e-11 1.578e-11 1.564e-11 1.547e-11 1.532e-11 1.52e-11 1.514e-11 1.511e-11 1.512e-11 1.518e-11 1.585e-11 1.697e-11 1.972e-11 2.256e-11 2.523e-11 2.766e-11 2.985e-11 3.087e-11 3.183e-11 3.361e-11 3.523e-11 4.535e-11 4.9e-11
64 12 9 4.193e-11 4.272e-11 4.348e-11 4.351e-11 4.377e-11 4.416e-11 4.459e-11 4.504e-11 4.547e-11 4.59e-11 4.63e-11 4.669e-11 4.839e-11 4.984e-11 5.236e-11 5.461e-11 5.666e-11 5.852e-11 6.018e-11 6.095e-11 6.168e-11 6.301e-11 6.421e-11 7.08e-11 7.112e-11
65 12 10 6.441e-11 6.888e-11 7.484e-11 7.808e-11 7.749e-11 7.606e-11 7.461e-11 7.337e-11 7.239e-11 7.167e-11 7.118e-11 7.088e-11 7.142e-11 7.372e-11 7.973e-11 8.571e-11 9.111e-11 9.588e-11 1.001e-10 1.02e-10 1.038e-10 1.072e-10 1.101e-10 1.275e-10 1.311e-10
66 12 11 7.354e-11 7.99e-11 8.509e-11 8.89e-11 9.06e-11 9.157e-11 9.23e-11 9.292e-11 9.345e-11 9.389e-11 9.424e-11 9.452e-11 9.504e-11 9.488e-11 9.449e-11 9.472e-11 9.548e-11 9.654e-11 9.772e-11 9.832e-11 9.892e-11 1.001e-10 1.012e-10 1.068e-10 1.042e-10
! COLLISION PARTNER
3 OH2
! NUMBER OF COLLISIONAL TRANSITIONS
66
! NUMBER OF COLLISION TEMPERATURES
25
! COLLISION TEMPERATURES
2 5 10 20 30 40 50 60 70 80 90 100 150 200 300 400 500 600 700 750 800 900 1000 2000 3000
! TRANS + UP + LOW + RATE COEFFS(cm^3 s^-1)
1 2 1 4.231e-11 4.197e-11 3.841e-11 3.417e-11 3.281e-11 3.264e-11 3.292e-11 3.338e-11 3.385e-11 3.43e-11 3.471e-11 3.506e-11 3.628e-11 3.686e-11 3.725e-11 3.731e-11 3.729e-11 3.729e-11 3.732e-11 3.734e-11 3.737e-11 3.745e-11 3.756e-11 3.946e-11 4.17e-11
2 3 1 6.132e-11 5.53e-11 5.018e-11 4.684e-11 4.53e-11 4.42e-11 4.334e-11 4.266e-11 4.213e-11 4.173e-11 4.144e-11 4.125e-11 4.139e-11 4.256e-11 4.562e-11 4.843e-11 5.075e-11 5.264e-11 5.422e-11 5.492e-11 5.557e-11 5.674e-11 5.78e-11 6.51e-11 6.963e-11
3 3 2 8.368e-11 7.109e-11 6.276e-11 5.753e-11 5.608e-11 5.596e-11 5.648e-11 5.73e-11 5.825e-11 5.923e-11 6.021e-11 6.115e-11 6.505e-11 6.774e-11 7.1e-11 7.286e-11 7.409e-11 7.501e-11 7.576e-11 7.61e-11 7.641e-11 7.701e-11 7.756e-11 8.249e-11 8.638e-11
4 4 1 6.017e-12 6.583e-12 7.093e-12 7.274e-12 7.437e-12 7.721e-12 8.088e-12 8.501e-12 8.932e-12 9.364e-12 9.786e-12 1.019e-11 1.192e-11 1.318e-11 1.482e-11 1.582e-11 1.65e-11 1.699e-11 1.736e-11 1.752e-11 1.767e-11 1.792e-11 1.813e-11 1.949e-11 2.027e-11
5 4 2 7.455e-11 7.937e-11 8.317e-11 8.132e-11 7.791e-11 7.504e-11 7.279e-11 7.104e-11 6.968e-11 6.862e-11 6.781e-11 6.72e-11 6.632e-11 6.746e-11 7.172e-11 7.625e-11 8.032e-11 8.386e-11 8.694e-11 8.833e-11 8.965e-11 9.206e-11 9.423e-11 1.091e-10 1.178e-10
6 4 3 9.578e-11 8.064e-11 7.476e-11 7.007e-11 6.779e-11 6.684e-11 6.669e-11 6.703e-11 6.765e-11 6.842e-11 6.927e-11 7.015e-11 7.438e-11 7.78e-11 8.265e-11 8.597e-11 8.846e-11 9.046e-11 9.214e-11 9.289e-11 9.359e-11 9.487e-11 9.602e-11 1.043e-10 1.095e-10
7 5 1 5.777e-12 5.868e-12 6.077e-12 6.115e-12 6.08e-12 6.07e-12 6.082e-12 6.103e-12 6.126e-12 6.146e-12 6.164e-12 6.179e-12 6.269e-12 6.475e-12 7.242e-12 8.115e-12 8.882e-12 9.528e-12 1.008e-11 1.033e-11 1.058e-11 1.102e-11 1.143e-11 1.409e-11 1.513e-11
8 5 2 8.554e-12 1.04e-11 1.23e-11 1.356e-11 1.427e-11 1.504e-11 1.593e-11 1.687e-11 1.783e-11 1.876e-11 1.966e-11 2.052e-11 2.432e-11 2.751e-11 3.291e-11 3.69e-11 3.954e-11 4.123e-11 4.232e-11 4.271e-11 4.305e-11 4.355e-11 4.39e-11 4.475e-11 4.364e-11
9 5 3 7.852e-11 8.338e-11 8.98e-11 9.055e-11 8.791e-11 8.53e-11 8.318e-11 8.15e-11 8.017e-11 7.908e-11 7.819e-11 7.747e-11 7.566e-11 7.606e-11 8.041e-11 8.553e-11 8.965e-11 9.278e-11 9.527e-11 9.629e-11 9.735e-11 9.918e-11 1.008e-10 1.117e-10 1.149e-10
10 5 4 8.495e-11 8.033e-11 7.829e-11 7.405e-11 7.166e-11 7.071e-11 7.065e-11 7.108e-11 7.176e-11 7.254e-11 7.335e-11 7.418e-11 7.808e-11 8.188e-11 8.95e-11 9.568e-11 9.981e-11 1.024e-10 1.04e-10 1.046e-10 1.051e-10 1.059e-10 1.064e-10 1.07e-10 1.031e-10
11 6 1 1.353e-12 1.403e-12 1.565e-12 1.776e-12 1.956e-12 2.154e-12 2.372e-12 2.601e-12 2.833e-12 3.062e-12 3.287e-12 3.507e-12 4.508e-12 5.365e-12 6.744e-12 7.768e-12 8.536e-12 9.127e-12 9.596e-12 9.779e-12 9.975e-12 1.029e-11 1.054e-11 1.157e-11 1.135e-11
12 6 2 1.124e-11 1.061e-11 1.055e-11 1.052e-11 1.049e-11 1.051e-11 1.059e-11 1.069e-11 1.08e-11 1.09e-11 1.1e-11 1.109e-11 1.151e-11 1.199e-11 1.324e-11 1.463e-11 1.601e-11 1.735e-11 1.861e-11 1.918e-11 1.978e-11 2.088e-11 2.188e-11 2.825e-11 3.037e-11
13 6 3 9.682e-12 1.198e-11 1.485e-11 1.709e-11 1.818e-11 1.917e-11 2.02e-11 2.128e-11 2.235e-11 2.339e-11 2.441e-11 2.538e-11 2.969e-11 3.329e-11 3.9e-11 4.317e-11 4.625e-11 4.86e-11 5.045e-11 5.181e-11 5.195e-11 5.319e-11 5.423e-11 5.81e-11 3.037e-11
14 6 4 9.014e-11 9.21e-11 9.771e-11 9.843e-11 9.56e-11 9.268e-11 9.025e-11 8.83e-11 8.672e-11 8.543e-11 8.437e-11 8.35e-11 8.123e-11 8.124e-11 8.426e-11 8.831e-11 9.219e-11 9.573e-11 9.893e-11 9.955e-11 1.018e-10 1.044e-10 1.068e-10 1.198e-10 1.21e-10
15 6 5 3.828e-11 5.663e-11 6.904e-11 7.298e-11 7.269e-11 7.248e-11 7.27e-11 7.321e-11 7.388e-11 7.461e-11 7.536e-11 7.609e-11 7.955e-11 8.272e-11 8.84e-11 9.294e-11 9.642e-11 9.914e-11 1.014e-10 1.024e-10 1.032e-10 1.048e-10 1.061e-10 1.097e-10 1.042e-10
16 7 1 1.026e-12 9.626e-13 9.547e-13 9.909e-13 1.045e-12 1.109e-12 1.181e-12 1.253e-12 1.324e-12 1.39e-12 1.452e-12 1.51e-12 1.747e-12 1.938e-12 2.28e-12 2.576e-12 2.829e-12 3.056e-12 3.269e-12 3.38e-12 3.474e-12 3.672e-12 3.862e-12 5.237e-12 5.815e-12
17 7 2 3.258e-12 3.169e-12 3.329e-12 3.665e-12 3.991e-12 4.36e-12 4.771e-12 5.208e-12 5.654e-12 6.102e-12 6.544e-12 6.981e-12 9.046e-12 1.096e-11 1.44e-11 1.709e-11 1.905e-11 2.048e-11 2.157e-11 2.183e-11 2.244e-11 2.315e-11 2.374e-11 2.643e-11 2.63e-11
18 7 3 1.433e-11 1.364e-11 1.332e-11 1.3e-11 1.283e-11 1.277e-11 1.28e-11 1.286e-11 1.295e-11 1.305e-11 1.315e-11 1.325e-11 1.383e-11 1.465e-11 1.688e-11 1.914e-11 2.105e-11 2.265e-11 2.402e-11 2.463e-11 2.525e-11 2.637e-11 2.74e-11 3.428e-11 3.691e-11
19 7 4 1.547e-11 1.607e-11 1.837e-11 2.082e-11 2.207e-11 2.313e-11 2.42e-11 2.529e-11 2.635e-11 2.738e-11 2.837e-11 2.932e-11 3.356e-11 3.734e-11 4.418e-11 4.953e-11 5.327e-11 5.586e-11 5.771e-11 5.84e-11 5.91e-11 6.017e-11 6.103e-11 6.386e-11 6.187e-11
20 7 5 9.15e-11 9.509e-11 1.012e-10 1.022e-10 9.952e-11 9.666e-11 9.422e-11 9.223e-11 9.059e-11 8.924e-11 8.812e-11 8.719e-11 8.477e-11 8.507e-11 8.992e-11 9.571e-11 1.004e-10 1.038e-10 1.065e-10 1.076e-10 1.087e-10 1.106e-10 1.122e-10 1.204e-10 1.202e-10
21 7 6 3.572e-11 4.674e-11 6.253e-11 7.212e-11 7.383e-11 7.439e-11 7.492e-11 7.556e-11 7.626e-11 7.697e-11 7.766e-11 7.833e-11 8.145e-11 8.462e-11 9.154e-11 9.745e-11 1.015e-10 1.041e-10 1.058e-10 1.064e-10 1.07e-10 1.077e-10 1.082e-10 1.062e-10 9.901e-11
22 8 1 4.144e-13 4.029e-13 4.104e-13 4.456e-13 4.954e-13 5.58e-13 6.31e-13 7.111e-13 7.954e-13 8.825e-13 9.712e-13 1.061e-12 1.513e-12 1.96e-12 2.79e-12 3.461e-12 3.972e-12 4.369e-12 4.692e-12 4.832e-12 4.962e-12 5.195e-12 5.396e-12 6.429e-12 6.59e-12
23 8 2 2.006e-12 1.909e-12 1.879e-12 1.911e-12 1.995e-12 2.108e-12 2.24e-12 2.38e-12 2.521e-12 2.66e-12 2.795e-12 2.924e-12 3.512e-12 4.043e-12 5.027e-12 5.845e-12 6.491e-12 7.018e-12 7.474e-12 7.69e-12 7.885e-12 8.265e-12 8.621e-12 1.118e-11 1.233e-11
24 8 3 4.898e-12 4.781e-12 4.886e-12 5.21e-12 5.569e-12 5.985e-12 6.452e-12 6.951e-12 7.462e-12 7.975e-12 8.485e-12 8.988e-12 1.14e-11 1.37e-11 1.794e-11 2.135e-11 2.386e-11 2.571e-11 2.714e-11 2.781e-11 2.826e-11 2.918e-11 2.994e-11 3.336e-11 3.338e-11
25 8 4 1.58e-11 1.556e-11 1.546e-11 1.503e-11 1.473e-11 1.456e-11 1.449e-11 1.448e-11 1.451e-11 1.455e-11 1.46e-11 1.467e-11 1.517e-11 1.605e-11 1.865e-11 2.135e-11 2.361e-11 2.545e-11 2.698e-11 2.731e-11 2.83e-11 2.945e-11 3.048e-11 3.704e-11 3.963e-11
26 8 5 2.163e-11 2.163e-11 2.309e-11 2.514e-11 2.633e-11 2.735e-11 2.837e-11 2.939e-11 3.04e-11 3.137e-11 3.229e-11 3.317e-11 3.71e-11 4.064e-11 4.726e-11 5.253e-11 5.619e-11 5.864e-11 6.027e-11 6.08e-11 6.138e-11 6.215e-11 6.267e-11 6.29e-11 6.021e-11
27 8 6 8.804e-11 9.271e-11 9.996e-11 1.018e-10 9.968e-11 9.721e-11 9.506e-11 9.326e-11 9.178e-11 9.054e-11 8.95e-11 8.864e-11 8.641e-11 8.68e-11 9.179e-11 9.764e-11 1.022e-10 1.054e-10 1.076e-10 1.084e-10 1.092e-10 1.104e-10 1.113e-10 1.141e-10 1.123e-10
28 8 7 4.555e-11 5.044e-11 6.26e-11 7.327e-11 7.604e-11 7.705e-11 7.774e-11 7.84e-11 7.906e-11 7.97e-11 8.031e-11 8.089e-11 8.356e-11 8.635e-11 9.268e-11 9.811e-11 1.017e-10 1.037e-10 1.047e-10 1.048e-10 1.05e-10 1.048e-10 1.044e-10 9.545e-11 8.665e-11
29 9 1 1.852e-13 1.84e-13 1.857e-13 1.962e-13 2.165e-13 2.423e-13 2.718e-13 3.038e-13 3.375e-13 3.725e-13 4.083e-13 4.446e-13 6.286e-13 8.099e-13 1.142e-12 1.402e-12 1.59e-12 1.728e-12 1.837e-12 1.882e-12 1.929e-12 2.012e-12 2.089e-12 2.674e-12 2.966e-12
30 9 2 8.871e-13 8.86e-13 8.957e-13 9.431e-13 1.035e-12 1.152e-12 1.286e-12 1.433e-12 1.59e-12 1.754e-12 1.924e-12 2.099e-12 3.012e-12 3.956e-12 5.777e-12 7.288e-12 8.466e-12 9.408e-12 1.02e-11 1.05e-11 1.088e-11 1.147e-11 1.201e-11 1.511e-11 1.593e-11
31 9 3 2.687e-12 2.647e-12 2.615e-12 2.599e-12 2.675e-12 2.792e-12 2.927e-12 3.071e-12 3.218e-12 3.365e-12 3.511e-12 3.655e-12 4.356e-12 5.058e-12 6.477e-12 7.718e-12 8.709e-12 9.51e-12 1.019e-11 1.046e-11 1.079e-11 1.133e-11 1.183e-11 1.535e-11 1.695e-11
32 9 4 6.629e-12 6.664e-12 6.735e-12 6.924e-12 7.29e-12 7.735e-12 8.221e-12 8.728e-12 9.245e-12 9.764e-12 1.028e-11 1.079e-11 1.328e-11 1.569e-11 2.024e-11 2.396e-11 2.672e-11 2.878e-11 3.036e-11 3.089e-11 3.162e-11 3.266e-11 3.354e-11 3.792e-11 3.849e-11
33 9 5 1.639e-11 1.689e-11 1.722e-11 1.68e-11 1.644e-11 1.62e-11 1.604e-11 1.594e-11 1.586e-11 1.582e-11 1.58e-11 1.58e-11 1.611e-11 1.693e-11 1.964e-11 2.254e-11 2.503e-11 2.709e-11 2.883e-11 2.998e-11 3.034e-11 3.167e-11 3.287e-11 4.041e-11 4.335e-11
34 9 6 2.763e-11 2.821e-11 2.912e-11 3.01e-11 3.103e-11 3.196e-11 3.289e-11 3.378e-11 3.465e-11 3.549e-11 3.629e-11 3.706e-11 4.055e-11 4.38e-11 5.004e-11 5.509e-11 5.86e-11 6.092e-11 6.245e-11 6.293e-11 6.347e-11 6.415e-11 6.461e-11 6.467e-11 6.216e-11
35 9 7 8.308e-11 8.968e-11 9.791e-11 1.003e-10 9.89e-11 9.698e-11 9.511e-11 9.344e-11 9.199e-11 9.076e-11 8.972e-11 8.886e-11 8.675e-11 8.731e-11 9.258e-11 9.861e-11 1.033e-10 1.066e-10 1.09e-10 1.096e-10 1.108e-10 1.121e-10 1.132e-10 1.168e-10 1.153e-10
36 9 8 5.548e-11 6.031e-11 6.896e-11 7.696e-11 7.96e-11 8.078e-11 8.152e-11 8.209e-11 8.259e-11 8.305e-11 8.349e-11 8.39e-11 8.597e-11 8.839e-11 9.42e-11 9.928e-11 1.026e-10 1.044e-10 1.052e-10 1.053e-10 1.054e-10 1.051e-10 1.046e-10 9.509e-11 8.623e-11
37 10 1 8.475e-14 8.648e-14 8.949e-14 9.694e-14 1.098e-13 1.267e-13 1.469e-13 1.7e-13 1.956e-13 2.234e-13 2.532e-13 2.849e-13 4.649e-13 6.687e-13 1.089e-12 1.453e-12 1.749e-12 1.997e-12 2.213e-12 2.311e-12 2.407e-12 2.586e-12 2.751e-12 3.832e-12 4.224e-12
38 10 2 3.865e-13 3.861e-13 3.902e-13 4.057e-13 4.411e-13 4.882e-13 5.433e-13 6.044e-13 6.699e-13 7.391e-13 8.113e-13 8.86e-13 1.285e-12 1.714e-12 2.571e-12 3.285e-12 3.818e-12 4.212e-12 4.516e-12 4.649e-12 4.765e-12 4.979e-12 5.17e-12 6.529e-12 7.204e-12
39 10 3 1.325e-12 1.334e-12 1.35e-12 1.395e-12 1.5e-12 1.639e-12 1.8e-12 1.977e-12 2.165e-12 2.362e-12 2.566e-12 2.776e-12 3.878e-12 5.036e-12 7.33e-12 9.279e-12 1.082e-11 1.207e-11 1.312e-11 1.361e-11 1.404e-11 1.486e-11 1.561e-11 2.026e-11 2.181e-11
40 10 4 3.244e-12 3.253e-12 3.257e-12 3.223e-12 3.283e-12 3.391e-12 3.521e-12 3.661e-12 3.806e-12 3.952e-12 4.097e-12 4.242e-12 4.955e-12 5.7e-12 7.288e-12 8.737e-12 9.924e-12 1.09e-11 1.173e-11 1.206e-11 1.247e-11 1.314e-11 1.375e-11 1.794e-11 1.982e-11
41 10 5 8.381e-12 8.517e-12 8.632e-12 8.75e-12 9.088e-12 9.529e-12 1.002e-11 1.053e-11 1.105e-11 1.158e-11 1.21e-11 1.262e-11 1.512e-11 1.754e-11 2.215e-11 2.595e-11 2.88e-11 3.093e-11 3.258e-11 3.321e-11 3.392e-11 3.504e-11 3.599e-11 4.1e-11 4.195e-11
42 10 6 1.642e-11 1.72e-11 1.789e-11 1.767e-11 1.735e-11 1.711e-11 1.693e-11 1.681e-11 1.671e-11 1.664e-11 1.66e-11 1.658e-11 1.681e-11 1.759e-11 2.029e-11 2.325e-11 2.581e-11 2.797e-11 2.981e-11 2.049e-11 3.142e-11 3.285e-11 3.413e-11 4.225e-11 4.539e-11
43 10 7 3.301e-11 3.396e-11 3.49e-11 3.545e-11 3.61e-11 3.681e-11 3.754e-11 3.826e-11 3.898e-11 3.968e-11 4.036e-11 4.101e-11 4.406e-11 4.699e-11 5.279e-11 5.756e-11 6.088e-11 6.307e-11 6.452e-11 6.502e-11 6.549e-11 6.614e-11 6.658e-11 6.661e-11 6.41e-11
44 10 8 7.762e-11 8.385e-11 9.193e-11 9.492e-11 9.422e-11 9.298e-11 9.168e-11 9.047e-11 8.941e-11 8.85e-11 8.774e-11 8.712e-11 8.581e-11 8.686e-11 9.265e-11 9.895e-11 1.038e-10 1.072e-10 1.097e-10 1.104e-10 1.116e-10 1.13e-10 1.141e-10 1.182e-10 1.167e-10
45 10 9 6.414e-11 6.958e-11 7.672e-11 8.373e-11 8.624e-11 8.715e-11 8.749e-11 8.765e-11 8.776e-11 8.787e-11 8.799e-11 8.814e-11 8.925e-11 9.108e-11 9.624e-11 1.009e-10 1.04e-10 1.056e-10 1.063e-10 1.064e-10 1.064e-10 1.061e-10 1.055e-10 9.581e-11 8.682e-11
46 11 1 3.475e-14 3.486e-14 3.658e-14 4.027e-14 4.587e-14 5.305e-14 6.166e-14 7.175e-14 8.332e-14 9.635e-14 1.107e-13 1.264e-13 2.196e-13 3.286e-13 5.542e-13 7.52e-13 9.116e-13 1.039e-12 1.143e-12 1.19e-12 1.229e-12 1.304e-12 1.368e-12 1.787e-12 1.985e-12
47 11 2 1.867e-13 1.858e-13 1.929e-13 2.083e-13 2.327e-13 2.639e-13 3.008e-13 3.435e-13 3.919e-13 4.457e-13 5.045e-13 5.679e-13 9.35e-13 1.35e-12 2.189e-12 2.939e-12 3.59e-12 4.169e-12 4.696e-12 4.903e-12 5.183e-12 5.636e-12 6.058e-12 8.905e-12 1.005e-11
48 11 3 5.683e-13 5.561e-13 5.653e-13 5.87e-13 6.29e-13 6.835e-13 7.463e-13 8.162e-13 8.926e-13 9.748e-13 1.062e-12 1.153e-12 1.649e-12 2.173e-12 3.191e-12 4.066e-12 4.785e-12 5.382e-12 5.891e-12 6.093e-12 6.336e-12 6.732e-12 7.089e-12 9.464e-12 1.054e-11
49 11 4 1.795e-12 1.772e-12 1.811e-12 1.878e-12 2e-12 2.153e-12 2.326e-12 2.515e-12 2.719e-12 2.935e-12 3.161e-12 3.395e-12 4.618e-12 5.844e-12 8.11e-12 1.005e-11 1.171e-11 1.316e-11 1.446e-11 1.505e-11 1.564e-11 1.671e-11 1.767e-11 2.361e-11 2.56e-11
50 11 5 3.697e-12 3.666e-12 3.741e-12 3.771e-12 3.842e-12 3.945e-12 4.062e-12 4.186e-12 4.317e-12 4.453e-12 4.592e-12 4.733e-12 5.449e-12 6.172e-12 7.621e-12 8.991e-12 1.025e-11 1.14e-11 1.246e-11 1.297e-11 1.344e-11 1.434e-11 1.518e-11 2.064e-11 2.289e-11
51 11 6 1.01e-11 1.005e-11 1.029e-11 1.049e-11 1.085e-11 1.128e-11 1.175e-11 1.223e-11 1.273e-11 1.324e-11 1.376e-11 1.429e-11 1.683e-11 1.915e-11 2.314e-11 2.634e-11 2.896e-11 3.116e-11 3.305e-11 3.4e-11 3.47e-11 3.614e-11 3.74e-11 4.4e-11 4.515e-11
52 11 7 1.624e-11 1.67e-11 1.769e-11 1.799e-11 1.785e-11 1.768e-11 1.75e-11 1.734e-11 1.721e-11 1.711e-11 1.704e-11 1.701e-11 1.722e-11 1.795e-11 2.03e-11 2.302e-11 2.565e-11 2.809e-11 3.032e-11 3.131e-11 3.234e-11 3.415e-11 3.579e-11 4.554e-11 4.889e-11
53 11 8 3.781e-11 3.8e-11 3.922e-11 3.983e-11 4.04e-11 4.098e-11 4.152e-11 4.205e-11 4.258e-11 4.312e-11 4.368e-11 4.425e-11 4.703e-11 4.955e-11 5.374e-11 5.693e-11 5.939e-11 6.138e-11 6.303e-11 6.376e-11 6.441e-11 6.558e-11 6.655e-11 6.972e-11 6.762e-11
54 11 9 7.251e-11 7.618e-11 8.384e-11 8.837e-11 8.876e-11 8.819e-11 8.731e-11 8.637e-11 8.552e-11 8.481e-11 8.424e-11 8.382e-11 8.345e-11 8.49e-11 8.995e-11 9.532e-11 1.001e-10 1.042e-10 1.078e-10 1.09e-10 1.109e-10 1.135e-10 1.157e-10 1.249e-10 1.236e-10
55 11 10 7.213e-11 7.611e-11 8.259e-11 8.816e-11 9.022e-11 9.088e-11 9.095e-11 9.081e-11 9.065e-11 9.053e-11 9.048e-11 9.05e-11 9.126e-11 9.252e-11 9.511e-11 9.723e-11 9.889e-11 1.002e-10 1.013e-10 1.017e-10 1.022e-10 1.028e-10 1.033e-10 9.985e-11 9.19e-11
56 12 1 1.56e-14 1.604e-14 1.71e-14 1.913e-14 2.197e-14 2.582e-14 3.073e-14 3.672e-14 4.381e-14 5.204e-14 6.139e-14 7.186e-14 1.392e-13 2.244e-13 4.121e-13 5.925e-13 7.557e-13 9.032e-13 1.039e-12 1.103e-12 1.165e-12 1.285e-12 1.399e-12 2.303e-12 2.801e-12
57 12 2 7.633e-14 7.684e-14 8.006e-14 8.662e-14 9.641e-14 1.097e-13 1.264e-13 1.463e-13 1.694e-13 1.955e-13 2.246e-13 2.565e-13 4.528e-13 6.918e-13 1.208e-12 1.694e-12 2.116e-12 2.474e-12 2.778e-12 2.913e-12 3.039e-12 3.267e-12 3.469e-12 4.827e-12 5.541e-12
58 12 3 2.877e-13 2.885e-13 2.983e-13 3.168e-13 3.451e-13 3.834e-13 4.307e-13 4.858e-13 5.481e-13 6.17e-13 6.918e-13 7.719e-13 1.233e-12 1.749e-12 2.79e-12 3.749e-12 4.615e-12 5.404e-12 6.133e-12 6.478e-12 6.813e-12 7.452e-12 8.056e-12 1.258e-11 1.489e-11
59 12 4 7.422e-13 7.368e-13 7.515e-13 7.751e-13 8.161e-13 8.736e-13 9.439e-13 1.024e-12 1.112e-12 1.205e-12 1.304e-12 1.407e-12 1.957e-12 2.529e-12 3.626e-12 4.6e-12 5.445e-12 6.181e-12 6.832e-12 7.131e-12 7.416e-12 7.949e-12 8.44e-12 1.2e-11 1.386e-11
60 12 5 2.252e-12 2.258e-12 2.315e-12 2.387e-12 2.503e-12 2.661e-12 2.851e-12 3.063e-12 3.293e-12 3.534e-12 3.785e-12 4.041e-12 5.35e-12 6.614e-12 8.882e-12 1.085e-11 1.26e-11 1.418e-11 1.562e-11 1.63e-11 1.695e-11 1.818e-11 1.931e-11 2.697e-11 3.028e-11
61 12 6 4.006e-12 4.043e-12 4.159e-12 4.218e-12 4.276e-12 4.366e-12 4.48e-12 4.61e-12 4.749e-12 4.894e-12 5.041e-12 5.188e-12 5.917e-12 6.624e-12 8.001e-12 9.345e-12 1.064e-11 1.187e-11 1.304e-11 1.36e-11 1.414e-11 1.517e-11 1.614e-11 2.308e-11 2.645e-11
62 12 7 1.157e-11 1.169e-11 1.2e-11 1.218e-11 1.245e-11 1.284e-11 1.33e-11 1.381e-11 1.434e-11 1.488e-11 1.543e-11 1.597e-11 1.853e-11 2.076e-11 2.445e-11 2.747e-11 3.005e-11 3.232e-11 3.433e-11 3.525e-11 3.612e-11 3.773e-11 3.917e-11 4.784e-11 5.055e-11
63 12 8 1.57e-11 1.626e-11 1.72e-11 1.768e-11 1.763e-11 1.748e-11 1.734e-11 1.723e-11 1.715e-11 1.71e-11 1.707e-11 1.707e-11 1.74e-11 1.817e-11 2.043e-11 2.308e-11 2.575e-11 2.829e-11 3.064e-11 3.174e-11 3.28e-11 3.477e-11 3.658e-11 4.847e-11 5.352e-11
64 12 9 4.129e-11 4.212e-11 4.333e-11 4.369e-11 4.393e-11 4.427e-11 4.471e-11 4.521e-11 4.574e-11 4.63e-11 4.686e-11 4.742e-11 4.999e-11 5.214e-11 5.553e-11 5.824e-11 6.056e-11 6.26e-11 6.44e-11 6.522e-11 6.598e-11 6.738e-11 6.86e-11 7.473e-11 7.462e-11
65 12 10 6.658e-11 6.985e-11 7.565e-11 8.02e-11 8.102e-11 8.084e-11 8.042e-11 8e-11 7.967e-11 7.944e-11 7.932e-11 7.929e-11 8.024e-11 8.232e-11 8.775e-11 9.345e-11 9.879e-11 1.036e-10 1.077e-10 1.096e-10 1.114e-10 1.145e-10 1.173e-10 1.315e-10 1.338e-10
66 12 11 7.785e-11 8.289e-11 8.793e-11 9.188e-11 9.319e-11 9.347e-11 9.342e-11 9.331e-11 9.322e-11 9.318e-11 9.318e-11 9.323e-11 9.379e-11 9.452e-11 9.613e-11 9.8e-11 1e-10 1.019e-10 1.036e-10 1.044e-10 1.051e-10 1.063e-10 1.072e-10 1.079e-10 1.021e-10
